E	sigma
0.01	10568.8
0.02	10424.4
0.03	10285.8
0.04	10152.7
0.05	10025.1
0.06	9902.75
0.07	9785.49
0.08	9673.11
0.09	9565.41
0.1	9462.14
0.11	9363.09
0.12	9268.01
0.13	9176.65
0.14	9088.76
0.15	9004.08
0.16	8922.37
0.17	8843.37
0.18	8766.82
0.19	8692.48
0.2	8620.12
0.21	8549.49
0.22	8480.37
0.23	8412.56
0.24	8345.84
0.25	8280.02
0.26	8214.94
0.27	8150.41
0.28	8086.3
0.29	8022.46
0.3	7958.76
0.31	7895.11
0.32	7831.39
0.33	7767.52
0.34	7703.44
0.35	7639.08
0.36	7574.39
0.37	7509.34
0.38	7443.89
0.39	7378.03
0.4	7311.75
0.41	7245.04
0.42	7177.92
0.43	7110.38
0.44	7042.46
0.45	6974.17
0.46	6905.53
0.47	6836.58
0.48	6767.36
0.49	6697.9
0.5	6628.23
0.51	6558.4
0.52	6488.45
0.53	6418.43
0.54	6348.38
0.55	6278.34
0.56	6208.35
0.57	6138.47
0.58	6068.73
0.59	5999.18
0.6	5929.87
0.61	5860.82
0.62	5792.09
0.63	5723.72
0.64	5655.74
0.65	5588.19
0.66	5521.11
0.67	5454.54
0.68	5388.51
0.69	5323.05
0.7	5258.2
0.71	5193.99
0.72	5130.44
0.73	5067.59
0.74	5005.46
0.75	4944.09
0.76	4883.5
0.77	4823.71
0.78	4764.75
0.79	4706.64
0.8	4649.41
0.81	4593.08
0.82	4537.67
0.83	4483.2
0.84	4429.7
0.85	4377.18
0.86	4325.67
0.87	4275.18
0.88	4225.74
0.89	4177.36
0.9	4130.07
0.91	4083.89
0.92	4038.83
0.93	3994.92
0.94	3952.18
0.95	3910.62
0.96	3870.27
0.97	3831.16
0.98	3793.3
0.99	3756.72
1	3721.43
1.01	3687.47
1.02	3654.86
1.03	3623.63
1.04	3593.8
1.05	3565.39
1.06	3538.44
1.07	3512.98
1.08	3489.04
1.09	3466.65
1.1	3445.84
1.11	3426.64
1.12	3409.09
1.13	3393.24
1.14	3379.1
1.15	3366.74
1.16	3356.17
1.17	3347.45
1.18	3340.62
1.19	3335.73
1.2	3332.81
1.21	3331.91
1.22	3333.09
1.23	3336.39
1.24	3341.86
1.25	3349.55
1.26	3359.52
1.27	3371.81
1.28	3386.47
1.29	3403.57
1.3	3423.16
1.31	3445.28
1.32	3470
1.33	3497.36
1.34	3527.42
1.35	3560.22
1.36	3595.82
1.37	3634.27
1.38	3675.61
1.39	3719.89
1.4	3767.14
1.41	3817.4
1.42	3870.7
1.43	3927.09
1.44	3986.56
1.45	4049.16
1.46	4114.88
1.47	4183.74
1.48	4255.73
1.49	4330.84
1.5	4409.06
1.51	4490.36
1.52	4574.7
1.53	4662.05
1.54	4752.34
1.55	4845.5
1.56	4941.47
1.57	5040.15
1.58	5141.45
1.59	5245.25
1.6	5351.43
1.61	5459.86
1.62	5570.39
1.63	5682.87
1.64	5797.13
1.65	5912.99
1.66	6030.27
1.67	6148.78
1.68	6268.31
1.69	6388.65
1.7	6509.59
1.71	6630.91
1.72	6752.39
1.73	6873.8
1.74	6994.92
1.75	7115.52
1.76	7235.38
1.77	7354.28
1.78	7472
1.79	7588.34
1.8	7703.08
1.81	7816.04
1.82	7927.03
1.83	8035.88
1.84	8142.42
1.85	8246.49
1.86	8347.96
1.87	8446.71
1.88	8542.61
1.89	8635.57
1.9	8725.5
1.91	8812.32
1.92	8895.98
1.93	8976.43
1.94	9053.64
1.95	9127.58
1.96	9198.25
1.97	9265.65
1.98	9329.79
1.99	9390.69
2	9448.39
2.01	9502.94
2.02	9554.37
2.03	9602.75
2.04	9648.14
2.05	9690.61
2.06	9730.23
2.07	9767.09
2.08	9801.26
2.09	9832.84
2.1	9861.91
2.11	9888.56
2.12	9912.89
2.13	9934.98
2.14	9954.94
2.15	9972.86
2.16	9988.82
2.17	10002.9
2.18	10015.3
2.19	10026
2.2	10035.1
2.21	10042.7
2.22	10049
2.23	10053.9
2.24	10057.6
2.25	10060.2
2.26	10061.7
2.27	10062.3
2.28	10061.9
2.29	10060.8
2.3	10059
2.31	10056.5
2.32	10053.5
2.33	10050
2.34	10046.2
2.35	10042
2.36	10037.6
2.37	10033.1
2.38	10028.6
2.39	10024.1
2.4	10019.8
2.41	10015.9
2.42	10012.3
2.43	10009.3
2.44	10007
2.45	10005.6
2.46	10005.3
2.47	10006.2
2.48	10008.7
2.49	10013
2.5	10019.4
2.51	10028.3
2.52	10040.3
2.53	10055.8
2.54	10075.4
2.55	10100
2.56	10130.6
2.57	10168.2
2.58	10214.3
2.59	10270.6
2.6	10339.4
2.61	10423.4
2.62	10526.1
2.63	10651.9
2.64	10806.3
2.65	10996.5
2.66	11231.6
2.67	11523.3
2.68	11886
2.69	12337.5
2.7	12898.6
2.71	13591
2.72	14432.5
2.73	15426.4
2.74	16543.7
2.75	17701.5
2.76	18751.5
2.77	19505.9
2.78	19810.4
2.79	19624.2
2.8	19035.8
2.81	18204
2.82	17282.3
2.83	16378.3
2.84	15549.8
2.85	14819.2
2.86	14188.1
2.87	13648.3
2.88	13188.2
2.89	12795.6
2.9	12459.6
2.91	12170.7
2.92	11920.9
2.93	11703.8
2.94	11513.9
2.95	11346.8
2.96	11198.9
2.97	11067.4
2.98	10949.8
2.99	10844.1
3	10748.7
3.01	10662.1
3.02	10583.2
3.03	10511.1
3.04	10444.8
3.05	10383.8
3.06	10327.3
3.07	10275
3.08	10226.3
3.09	10180.8
3.1	10138.3
3.11	10098.4
3.12	10060.8
3.13	10025.5
3.14	9992.03
3.15	9960.39
3.16	9930.37
3.17	9901.84
3.18	9874.67
3.19	9848.76
3.2	9823.99
3.21	9800.29
3.22	9777.58
3.23	9755.78
3.24	9734.82
3.25	9714.65
3.26	9695.2
3.27	9676.44
3.28	9658.32
3.29	9640.79
3.3	9623.81
3.31	9607.36
3.32	9591.39
3.33	9575.89
3.34	9560.81
3.35	9546.14
3.36	9531.85
3.37	9517.92
3.38	9504.33
3.39	9491.06
3.4	9478.09
3.41	9465.41
3.42	9452.99
3.43	9440.83
3.44	9428.92
3.45	9417.23
3.46	9405.76
3.47	9394.5
3.48	9383.43
3.49	9372.54
3.5	9361.83
3.51	9351.29
3.52	9340.9
3.53	9330.67
3.54	9320.57
3.55	9310.61
3.56	9300.78
3.57	9291.07
3.58	9281.48
3.59	9271.99
3.6	9262.61
3.61	9253.33
3.62	9244.14
3.63	9235.04
3.64	9226.03
3.65	9217.09
3.66	9208.23
3.67	9199.43
3.68	9190.71
3.69	9182.05
3.7	9173.45
3.71	9164.9
3.72	9156.41
3.73	9147.97
3.74	9139.57
3.75	9131.22
3.76	9122.91
3.77	9114.64
3.78	9106.4
3.79	9098.2
3.8	9090.03
3.81	9081.88
3.82	9073.76
3.83	9065.67
3.84	9057.6
3.85	9049.55
3.86	9041.52
3.87	9033.5
3.88	9025.5
3.89	9017.51
3.9	9009.53
3.91	9001.56
3.92	8993.6
3.93	8985.65
3.94	8977.7
3.95	8969.75
3.96	8961.81
3.97	8953.86
3.98	8945.92
3.99	8937.98
4	8930.03
4.01	8922.08
4.02	8914.12
4.03	8906.16
4.04	8898.19
4.05	8890.21
4.06	8882.22
4.07	8874.23
4.08	8866.22
4.09	8858.2
4.1	8850.17
4.11	8842.12
4.12	8834.06
4.13	8825.99
4.14	8817.9
4.15	8809.79
4.16	8801.67
4.17	8793.52
4.18	8785.36
4.19	8777.19
4.2	8768.99
4.21	8760.77
4.22	8752.53
4.23	8744.27
4.24	8735.99
4.25	8727.68
4.26	8719.36
4.27	8711.01
4.28	8702.63
4.29	8694.23
4.3	8685.81
4.31	8677.37
4.32	8668.89
4.33	8660.4
4.34	8651.87
4.35	8643.32
4.36	8634.75
4.37	8626.15
4.38	8617.52
4.39	8608.86
4.4	8600.18
4.41	8591.46
4.42	8582.72
4.43	8573.96
4.44	8565.16
4.45	8556.34
4.46	8547.48
4.47	8538.6
4.48	8529.69
4.49	8520.75
4.5	8511.77
4.51	8502.77
4.52	8493.74
4.53	8484.69
4.54	8475.6
4.55	8466.48
4.56	8457.33
4.57	8448.15
4.58	8438.94
4.59	8429.7
4.6	8420.43
4.61	8411.13
4.62	8401.79
4.63	8392.43
4.64	8383.04
4.65	8373.62
4.66	8364.17
4.67	8354.68
4.68	8345.17
4.69	8335.63
4.7	8326.05
4.71	8316.45
4.72	8306.81
4.73	8297.15
4.74	8287.45
4.75	8277.73
4.76	8267.97
4.77	8258.18
4.78	8248.37
4.79	8238.52
4.8	8228.65
4.81	8218.74
4.82	8208.81
4.83	8198.84
4.84	8188.85
4.85	8178.83
4.86	8168.78
4.87	8158.7
4.88	8148.59
4.89	8138.45
4.9	8128.28
4.91	8118.08
4.92	8107.86
4.93	8097.61
4.94	8087.33
4.95	8077.02
4.96	8066.68
4.97	8056.32
4.98	8045.93
4.99	8035.51
5	8025.06
5.01	8014.59
5.02	8004.09
5.03	7993.56
5.04	7983.01
5.05	7972.43
5.06	7961.83
5.07	7951.2
5.08	7940.54
5.09	7929.86
5.1	7919.15
5.11	7908.42
5.12	7897.66
5.13	7886.88
5.14	7876.07
5.15	7865.24
5.16	7854.39
5.17	7843.51
5.18	7832.61
5.19	7821.69
5.2	7810.74
5.21	7799.77
5.22	7788.78
5.23	7777.76
5.24	7766.72
5.25	7755.66
5.26	7744.58
5.27	7733.48
5.28	7722.36
5.29	7711.21
5.3	7700.05
5.31	7688.86
5.32	7677.66
5.33	7666.43
5.34	7655.19
5.35	7643.92
5.36	7632.64
5.37	7621.34
5.38	7610.02
5.39	7598.68
5.4	7587.32
5.41	7575.95
5.42	7564.56
5.43	7553.15
5.44	7541.72
5.45	7530.28
5.46	7518.82
5.47	7507.35
5.48	7495.86
5.49	7484.35
5.5	7472.83
5.51	7461.29
5.52	7449.74
5.53	7438.18
5.54	7426.6
5.55	7415.01
5.56	7403.4
5.57	7391.78
5.58	7380.15
5.59	7368.51
5.6	7356.85
5.61	7345.18
5.62	7333.5
5.63	7321.81
5.64	7310.1
5.65	7298.39
5.66	7286.67
5.67	7274.93
5.68	7263.19
5.69	7251.44
5.7	7239.67
5.71	7227.9
5.72	7216.12
5.73	7204.33
5.74	7192.54
5.75	7180.74
5.76	7168.92
5.77	7157.11
5.78	7145.28
5.79	7133.45
5.8	7121.62
5.81	7109.77
5.82	7097.93
5.83	7086.07
5.84	7074.22
5.85	7062.35
5.86	7050.49
5.87	7038.62
5.88	7026.75
5.89	7014.87
5.9	7002.99
5.91	6991.11
5.92	6979.23
5.93	6967.35
5.94	6955.46
5.95	6943.57
5.96	6931.69
5.97	6919.8
5.98	6907.91
5.99	6896.02
6	6884.14
6.01	6872.25
6.02	6860.37
6.03	6848.49
6.04	6836.61
6.05	6824.73
6.06	6812.85
6.07	6800.98
6.08	6789.11
6.09	6777.25
6.1	6765.39
6.11	6753.54
6.12	6741.69
6.13	6729.84
6.14	6718
6.15	6706.17
6.16	6694.34
6.17	6682.52
6.18	6670.71
6.19	6658.91
6.2	6647.11
6.21	6635.32
6.22	6623.54
6.23	6611.77
6.24	6600.01
6.25	6588.25
6.26	6576.51
6.27	6564.78
6.28	6553.06
6.29	6541.35
6.3	6529.65
6.31	6517.97
6.32	6506.29
6.33	6494.63
6.34	6482.99
6.35	6471.35
6.36	6459.73
6.37	6448.13
6.38	6436.54
6.39	6424.96
6.4	6413.4
6.41	6401.86
6.42	6390.33
6.43	6378.82
6.44	6367.33
6.45	6355.85
6.46	6344.39
6.47	6332.96
6.48	6321.53
6.49	6310.13
6.5	6298.75
6.51	6287.39
6.52	6276.05
6.53	6264.73
6.54	6253.43
6.55	6242.15
6.56	6230.89
6.57	6219.66
6.58	6208.45
6.59	6197.26
6.6	6186.1
6.61	6174.96
6.62	6163.85
6.63	6152.76
6.64	6141.69
6.65	6130.66
6.66	6119.65
6.67	6108.66
6.68	6097.7
6.69	6086.77
6.7	6075.87
6.71	6065
6.72	6054.16
6.73	6043.34
6.74	6032.56
6.75	6021.8
6.76	6011.08
6.77	6000.39
6.78	5989.73
6.79	5979.1
6.8	5968.5
6.81	5957.94
6.82	5947.41
6.83	5936.92
6.84	5926.46
6.85	5916.03
6.86	5905.65
6.87	5895.29
6.88	5884.97
6.89	5874.69
6.9	5864.45
6.91	5854.25
6.92	5844.08
6.93	5833.95
6.94	5823.86
6.95	5813.81
6.96	5803.81
6.97	5793.84
6.98	5783.91
6.99	5774.03
7	5764.18
7.01	5754.38
7.02	5744.63
7.03	5734.91
7.04	5725.24
7.05	5715.62
7.06	5706.04
7.07	5696.51
7.08	5687.02
7.09	5677.58
7.1	5668.19
7.11	5658.84
7.12	5649.54
7.13	5640.29
7.14	5631.09
7.15	5621.94
7.16	5612.85
7.17	5603.8
7.18	5594.8
7.19	5585.85
7.2	5576.96
7.21	5568.12
7.22	5559.33
7.23	5550.6
7.24	5541.92
7.25	5533.29
7.26	5524.73
7.27	5516.21
7.28	5507.76
7.29	5499.36
7.3	5491.01
7.31	5482.73
7.32	5474.5
7.33	5466.34
7.34	5458.23
7.35	5450.18
7.36	5442.2
7.37	5434.27
7.38	5426.41
7.39	5418.61
7.4	5410.87
7.41	5403.19
7.42	5395.58
7.43	5388.03
7.44	5380.54
7.45	5373.13
7.46	5365.77
7.47	5358.49
7.48	5351.27
7.49	5344.11
7.5	5337.03
7.51	5330.01
7.52	5323.06
7.53	5316.18
7.54	5309.37
7.55	5302.63
7.56	5295.96
7.57	5289.36
7.58	5282.84
7.59	5276.38
7.6	5270
7.61	5263.69
7.62	5257.45
7.63	5251.29
7.64	5245.2
7.65	5239.19
7.66	5233.25
7.67	5227.39
7.68	5221.6
7.69	5215.89
7.7	5210.26
7.71	5204.7
7.72	5199.22
7.73	5193.82
7.74	5188.5
7.75	5183.26
7.76	5178.09
7.77	5173.01
7.78	5168.01
7.79	5163.08
7.8	5158.24
7.81	5153.48
7.82	5148.8
7.83	5144.2
7.84	5139.68
7.85	5135.25
7.86	5130.9
7.87	5126.63
7.88	5122.44
7.89	5118.34
7.9	5114.33
7.91	5110.39
7.92	5106.54
7.93	5102.78
7.94	5099.1
7.95	5095.5
7.96	5091.99
7.97	5088.57
7.98	5085.23
7.99	5081.98
8	5078.81
8.01	5075.73
8.02	5072.74
8.03	5069.83
8.04	5067.01
8.05	5064.28
8.06	5061.63
8.07	5059.07
8.08	5056.59
8.09	5054.21
8.1	5051.91
8.11	5049.69
8.12	5047.56
8.13	5045.53
8.14	5043.57
8.15	5041.71
8.16	5039.93
8.17	5038.23
8.18	5036.63
8.19	5035.11
8.2	5033.68
8.21	5032.33
8.22	5031.07
8.23	5029.89
8.24	5028.81
8.25	5027.8
8.26	5026.88
8.27	5026.05
8.28	5025.3
8.29	5024.64
8.3	5024.06
8.31	5023.56
8.32	5023.15
8.33	5022.82
8.34	5022.58
8.35	5022.42
8.36	5022.34
8.37	5022.34
8.38	5022.42
8.39	5022.58
8.4	5022.83
8.41	5023.15
8.42	5023.55
8.43	5024.04
8.44	5024.6
8.45	5025.24
8.46	5025.95
8.47	5026.74
8.48	5027.61
8.49	5028.56
8.5	5029.58
8.51	5030.67
8.52	5031.84
8.53	5033.07
8.54	5034.39
8.55	5035.77
8.56	5037.22
8.57	5038.75
8.58	5040.34
8.59	5042
8.6	5043.73
8.61	5045.52
8.62	5047.38
8.63	5049.31
8.64	5051.3
8.65	5053.35
8.66	5055.47
8.67	5057.64
8.68	5059.88
8.69	5062.18
8.7	5064.53
8.71	5066.95
8.72	5069.42
8.73	5071.94
8.74	5074.53
8.75	5077.16
8.76	5079.85
8.77	5082.59
8.78	5085.38
8.79	5088.22
8.8	5091.11
8.81	5094.04
8.82	5097.03
8.83	5100.06
8.84	5103.13
8.85	5106.25
8.86	5109.41
8.87	5112.61
8.88	5115.85
8.89	5119.13
8.9	5122.45
8.91	5125.81
8.92	5129.2
8.93	5132.63
8.94	5136.09
8.95	5139.59
8.96	5143.12
8.97	5146.67
8.98	5150.26
8.99	5153.88
9	5157.53
9.01	5161.2
9.02	5164.9
9.03	5168.63
9.04	5172.38
9.05	5176.15
9.06	5179.94
9.07	5183.76
9.08	5187.6
9.09	5191.46
9.1	5195.34
9.11	5199.23
9.12	5203.15
9.13	5207.08
9.14	5211.03
9.15	5214.99
9.16	5218.97
9.17	5222.97
9.18	5226.98
9.19	5231
9.2	5235.04
9.21	5239.09
9.22	5243.15
9.23	5247.23
9.24	5251.32
9.25	5255.42
9.26	5259.54
9.27	5263.67
9.28	5267.81
9.29	5271.97
9.3	5276.14
9.31	5280.32
9.32	5284.52
9.33	5288.74
9.34	5292.97
9.35	5297.22
9.36	5301.49
9.37	5305.79
9.38	5310.1
9.39	5314.43
9.4	5318.8
9.41	5323.19
9.42	5327.61
9.43	5332.06
9.44	5336.55
9.45	5341.07
9.46	5345.64
9.47	5350.25
9.48	5354.91
9.49	5359.63
9.5	5364.41
9.51	5369.24
9.52	5374.15
9.53	5379.14
9.54	5384.21
9.55	5389.37
9.56	5394.62
9.57	5399.99
9.58	5405.47
9.59	5411.08
9.6	5416.83
9.61	5422.73
9.62	5428.79
9.63	5435.04
9.64	5441.48
9.65	5448.14
9.66	5455.03
9.67	5462.18
9.68	5469.61
9.69	5477.34
9.7	5485.4
9.71	5493.83
9.72	5502.66
9.73	5511.93
9.74	5521.67
9.75	5531.94
9.76	5542.79
9.77	5554.27
9.78	5566.44
9.79	5579.38
9.8	5593.17
9.81	5607.88
9.82	5623.62
9.83	5640.5
9.84	5658.63
9.85	5678.16
9.86	5699.23
9.87	5722.01
9.88	5746.71
9.89	5773.53
9.9	5802.73
9.91	5834.58
9.92	5869.39
9.93	5907.53
9.94	5949.39
9.95	5995.43
9.96	6046.18
9.97	6102.21
9.98	6164.18
9.99	6232.85
10	6309.03
10.01	6393.65
10.02	6487.73
10.03	6592.38
10.04	6708.77
10.05	6838.14
10.06	6981.7
10.07	7140.58
10.08	7315.71
10.09	7507.65
10.1	7716.34
10.11	7940.85
10.12	8178.99
10.13	8427
10.14	8679.25
10.15	8928.07
10.16	9163.97
10.17	9376.16
10.18	9553.63
10.19	9686.46
10.2	9767.34
10.21	9792.66
10.22	9763.05
10.23	9683.09
10.24	9560.38
10.25	9404.27
10.26	9224.5
10.27	9030.22
10.28	8829.3
10.29	8628.04
10.3	8431.14
10.31	8241.87
10.32	8062.32
10.33	7893.66
10.34	7736.38
10.35	7590.45
10.36	7455.56
10.37	7331.16
10.38	7216.6
10.39	7111.18
10.4	7014.18
10.41	6924.89
10.42	6842.65
10.43	6766.82
10.44	6696.83
10.45	6632.14
10.46	6572.25
10.47	6516.74
10.48	6465.2
10.49	6417.27
10.5	6372.61
10.51	6330.95
10.52	6292.02
10.53	6255.57
10.54	6221.39
10.55	6189.3
10.56	6159.11
10.57	6130.67
10.58	6103.83
10.59	6078.47
10.6	6054.47
10.61	6031.73
10.62	6010.15
10.63	5989.63
10.64	5970.11
10.65	5951.5
10.66	5933.75
10.67	5916.79
10.68	5900.57
10.69	5885.03
10.7	5870.13
10.71	5855.83
10.72	5842.09
10.73	5828.86
10.74	5816.13
10.75	5803.85
10.76	5792
10.77	5780.55
10.78	5769.48
10.79	5758.76
10.8	5748.38
10.81	5738.32
10.82	5728.55
10.83	5719.06
10.84	5709.83
10.85	5700.86
10.86	5692.12
10.87	5683.61
10.88	5675.31
10.89	5667.2
10.9	5659.29
10.91	5651.56
10.92	5644.01
10.93	5636.61
10.94	5629.37
10.95	5622.28
10.96	5615.33
10.97	5608.52
10.98	5601.83
10.99	5595.27
11	5588.82
11.01	5582.49
11.02	5576.26
11.03	5570.13
11.04	5564.11
11.05	5558.17
11.06	5552.33
11.07	5546.57
11.08	5540.9
11.09	5535.31
11.1	5529.79
11.11	5524.34
11.12	5518.97
11.13	5513.67
11.14	5508.43
11.15	5503.26
11.16	5498.15
11.17	5493.09
11.18	5488.1
11.19	5483.16
11.2	5478.27
11.21	5473.44
11.22	5468.65
11.23	5463.92
11.24	5459.23
11.25	5454.59
11.26	5449.99
11.27	5445.44
11.28	5440.93
11.29	5436.46
11.3	5432.03
11.31	5427.64
11.32	5423.28
11.33	5418.97
11.34	5414.69
11.35	5410.45
11.36	5406.24
11.37	5402.06
11.38	5397.92
11.39	5393.81
11.4	5389.73
11.41	5385.68
11.42	5381.67
11.43	5377.68
11.44	5373.72
11.45	5369.79
11.46	5365.89
11.47	5362.02
11.48	5358.18
11.49	5354.36
11.5	5350.57
11.51	5346.8
11.52	5343.06
11.53	5339.35
11.54	5335.66
11.55	5332
11.56	5328.36
11.57	5324.74
11.58	5321.15
11.59	5317.59
11.6	5314.04
11.61	5310.52
11.62	5307.02
11.63	5303.55
11.64	5300.09
11.65	5296.66
11.66	5293.26
11.67	5289.87
11.68	5286.5
11.69	5283.16
11.7	5279.84
11.71	5276.54
11.72	5273.26
11.73	5270
11.74	5266.76
11.75	5263.54
11.76	5260.35
11.77	5257.17
11.78	5254.01
11.79	5250.88
11.8	5247.76
11.81	5244.66
11.82	5241.59
11.83	5238.53
11.84	5235.49
11.85	5232.48
11.86	5229.48
11.87	5226.5
11.88	5223.54
11.89	5220.6
11.9	5217.68
11.91	5214.78
11.92	5211.9
11.93	5209.03
11.94	5206.19
11.95	5203.36
11.96	5200.56
11.97	5197.77
11.98	5195
11.99	5192.25
12	5189.52
12.01	5186.8
12.02	5184.11
12.03	5181.43
12.04	5178.77
12.05	5176.13
12.06	5173.51
12.07	5170.91
12.08	5168.32
12.09	5165.76
12.1	5163.21
12.11	5160.68
12.12	5158.17
12.13	5155.67
12.14	5153.2
12.15	5150.74
12.16	5148.3
12.17	5145.88
12.18	5143.48
12.19	5141.09
12.2	5138.72
12.21	5136.37
12.22	5134.04
12.23	5131.73
12.24	5129.43
12.25	5127.15
12.26	5124.89
12.27	5122.65
12.28	5120.42
12.29	5118.21
12.3	5116.02
12.31	5113.85
12.32	5111.69
12.33	5109.55
12.34	5107.43
12.35	5105.33
12.36	5103.25
12.37	5101.18
12.38	5099.13
12.39	5097.09
12.4	5095.08
12.41	5093.08
12.42	5091.1
12.43	5089.13
12.44	5087.19
12.45	5085.26
12.46	5083.34
12.47	5081.45
12.48	5079.57
12.49	5077.71
12.5	5075.87
12.51	5074.04
12.52	5072.23
12.53	5070.44
12.54	5068.66
12.55	5066.9
12.56	5065.16
12.57	5063.43
12.58	5061.72
12.59	5060.03
12.6	5058.36
12.61	5056.7
12.62	5055.06
12.63	5053.43
12.64	5051.83
12.65	5050.23
12.66	5048.66
12.67	5047.1
12.68	5045.56
12.69	5044.03
12.7	5042.53
12.71	5041.03
12.72	5039.56
12.73	5038.1
12.74	5036.66
12.75	5035.23
12.76	5033.82
12.77	5032.42
12.78	5031.05
12.79	5029.68
12.8	5028.34
12.81	5027.01
12.82	5025.7
12.83	5024.4
12.84	5023.12
12.85	5021.85
12.86	5020.6
12.87	5019.37
12.88	5018.15
12.89	5016.95
12.9	5015.77
12.91	5014.6
12.92	5013.44
12.93	5012.3
12.94	5011.18
12.95	5010.07
12.96	5008.98
12.97	5007.91
12.98	5006.84
12.99	5005.8
13	5004.77
13.01	5003.76
13.02	5002.76
13.03	5001.77
13.04	5000.81
13.05	4999.85
13.06	4998.91
13.07	4997.99
13.08	4997.09
13.09	4996.19
13.1	4995.32
13.11	4994.45
13.12	4993.61
13.13	4992.77
13.14	4991.96
13.15	4991.15
13.16	4990.37
13.17	4989.59
13.18	4988.84
13.19	4988.09
13.2	4987.36
13.21	4986.65
13.22	4985.95
13.23	4985.27
13.24	4984.6
13.25	4983.94
13.26	4983.3
13.27	4982.67
13.28	4982.06
13.29	4981.46
13.3	4980.87
13.31	4980.3
13.32	4979.75
13.33	4979.21
13.34	4978.68
13.35	4978.17
13.36	4977.67
13.37	4977.18
13.38	4976.71
13.39	4976.25
13.4	4975.81
13.41	4975.38
13.42	4974.96
13.43	4974.56
13.44	4974.17
13.45	4973.79
13.46	4973.43
13.47	4973.08
13.48	4972.75
13.49	4972.42
13.5	4972.12
13.51	4971.82
13.52	4971.54
13.53	4971.27
13.54	4971.02
13.55	4970.78
13.56	4970.55
13.57	4970.33
13.58	4970.13
13.59	4969.94
13.6	4969.76
13.61	4969.6
13.62	4969.45
13.63	4969.31
13.64	4969.19
13.65	4969.07
13.66	4968.97
13.67	4968.89
13.68	4968.81
13.69	4968.75
13.7	4968.7
13.71	4968.66
13.72	4968.64
13.73	4968.63
13.74	4968.63
13.75	4968.64
13.76	4968.67
13.77	4968.7
13.78	4968.75
13.79	4968.81
13.8	4968.89
13.81	4968.97
13.82	4969.07
13.83	4969.18
13.84	4969.3
13.85	4969.44
13.86	4969.58
13.87	4969.74
13.88	4969.91
13.89	4970.09
13.9	4970.28
13.91	4970.49
13.92	4970.7
13.93	4970.93
13.94	4971.17
13.95	4971.42
13.96	4971.68
13.97	4971.95
13.98	4972.24
13.99	4972.53
14	4972.84
14.01	4973.16
14.02	4973.49
14.03	4973.83
14.04	4974.18
14.05	4974.54
14.06	4974.92
14.07	4975.3
14.08	4975.7
14.09	4976.1
14.1	4976.52
14.11	4976.95
14.12	4977.39
14.13	4977.84
14.14	4978.3
14.15	4978.77
14.16	4979.25
14.17	4979.74
14.18	4980.24
14.19	4980.76
14.2	4981.28
14.21	4981.81
14.22	4982.36
14.23	4982.91
14.24	4983.48
14.25	4984.05
14.26	4984.64
14.27	4985.24
14.28	4985.84
14.29	4986.46
14.3	4987.08
14.31	4987.72
14.32	4988.37
14.33	4989.02
14.34	4989.69
14.35	4990.37
14.36	4991.05
14.37	4991.75
14.38	4992.45
14.39	4993.17
14.4	4993.89
14.41	4994.63
14.42	4995.37
14.43	4996.13
14.44	4996.89
14.45	4997.66
14.46	4998.45
14.47	4999.24
14.48	5000.04
14.49	5000.85
14.5	5001.67
14.51	5002.5
14.52	5003.34
14.53	5004.19
14.54	5005.05
14.55	5005.92
14.56	5006.79
14.57	5007.68
14.58	5008.57
14.59	5009.48
14.6	5010.39
14.61	5011.31
14.62	5012.24
14.63	5013.18
14.64	5014.13
14.65	5015.09
14.66	5016.06
14.67	5017.03
14.68	5018.02
14.69	5019.01
14.7	5020.01
14.71	5021.02
14.72	5022.04
14.73	5023.07
14.74	5024.11
14.75	5025.16
14.76	5026.21
14.77	5027.27
14.78	5028.35
14.79	5029.43
14.8	5030.52
14.81	5031.61
14.82	5032.72
14.83	5033.83
14.84	5034.96
14.85	5036.09
14.86	5037.23
14.87	5038.38
14.88	5039.54
14.89	5040.7
14.9	5041.88
14.91	5043.06
14.92	5044.25
14.93	5045.45
14.94	5046.65
14.95	5047.87
14.96	5049.09
14.97	5050.33
14.98	5051.57
14.99	5052.81
15	5054.07
15.01	5055.34
15.02	5056.61
15.03	5057.89
15.04	5059.18
15.05	5060.48
15.06	5061.78
15.07	5063.1
15.08	5064.42
15.09	5065.75
15.1	5067.09
15.11	5068.43
15.12	5069.79
15.13	5071.15
15.14	5072.52
15.15	5073.9
15.16	5075.29
15.17	5076.68
15.18	5078.08
15.19	5079.49
15.2	5080.91
15.21	5082.34
15.22	5083.78
15.23	5085.22
15.24	5086.67
15.25	5088.13
15.26	5089.6
15.27	5091.07
15.28	5092.55
15.29	5094.05
15.3	5095.54
15.31	5097.05
15.32	5098.57
15.33	5100.09
15.34	5101.62
15.35	5103.16
15.36	5104.71
15.37	5106.27
15.38	5107.83
15.39	5109.4
15.4	5110.98
15.41	5112.57
15.42	5114.17
15.43	5115.77
15.44	5117.39
15.45	5119.01
15.46	5120.64
15.47	5122.27
15.48	5123.92
15.49	5125.57
15.5	5127.24
15.51	5128.91
15.52	5130.58
15.53	5132.27
15.54	5133.97
15.55	5135.67
15.56	5137.38
15.57	5139.1
15.58	5140.83
15.59	5142.57
15.6	5144.32
15.61	5146.07
15.62	5147.84
15.63	5149.61
15.64	5151.39
15.65	5153.18
15.66	5154.98
15.67	5156.78
15.68	5158.6
15.69	5160.42
15.7	5162.26
15.71	5164.1
15.72	5165.95
15.73	5167.81
15.74	5169.68
15.75	5171.56
15.76	5173.45
15.77	5175.34
15.78	5177.25
15.79	5179.16
15.8	5181.09
15.81	5183.02
15.82	5184.96
15.83	5186.92
15.84	5188.88
15.85	5190.85
15.86	5192.83
15.87	5194.82
15.88	5196.82
15.89	5198.84
15.9	5200.86
15.91	5202.89
15.92	5204.93
15.93	5206.98
15.94	5209.04
15.95	5211.11
15.96	5213.19
15.97	5215.28
15.98	5217.39
15.99	5219.5
16	5221.62
16.01	5223.76
16.02	5225.9
16.03	5228.06
16.04	5230.23
16.05	5232.4
16.06	5234.59
16.07	5236.79
16.08	5239.01
16.09	5241.23
16.1	5243.46
16.11	5245.71
16.12	5247.97
16.13	5250.24
16.14	5252.52
16.15	5254.81
16.16	5257.12
16.17	5259.44
16.18	5261.77
16.19	5264.11
16.2	5266.47
16.21	5268.84
16.22	5271.22
16.23	5273.62
16.24	5276.02
16.25	5278.44
16.26	5280.88
16.27	5283.33
16.28	5285.79
16.29	5288.26
16.3	5290.75
16.31	5293.26
16.32	5295.78
16.33	5298.31
16.34	5300.85
16.35	5303.42
16.36	5305.99
16.37	5308.58
16.38	5311.19
16.39	5313.81
16.4	5316.45
16.41	5319.1
16.42	5321.77
16.43	5324.46
16.44	5327.16
16.45	5329.87
16.46	5332.61
16.47	5335.36
16.48	5338.13
16.49	5340.91
16.5	5343.71
16.51	5346.53
16.52	5349.37
16.53	5352.23
16.54	5355.1
16.55	5357.99
16.56	5360.9
16.57	5363.83
16.58	5366.78
16.59	5369.75
16.6	5372.74
16.61	5375.75
16.62	5378.77
16.63	5381.82
16.64	5384.89
16.65	5387.98
16.66	5391.09
16.67	5394.22
16.68	5397.37
16.69	5400.54
16.7	5403.74
16.71	5406.96
16.72	5410.2
16.73	5413.46
16.74	5416.75
16.75	5420.06
16.76	5423.4
16.77	5426.76
16.78	5430.14
16.79	5433.55
16.8	5436.98
16.81	5440.44
16.82	5443.92
16.83	5447.43
16.84	5450.97
16.85	5454.53
16.86	5458.12
16.87	5461.73
16.88	5465.38
16.89	5469.05
16.9	5472.75
16.91	5476.48
16.92	5480.24
16.93	5484.03
16.94	5487.85
16.95	5491.7
16.96	5495.57
16.97	5499.48
16.98	5503.43
16.99	5507.4
17	5511.41
17.01	5515.44
17.02	5519.52
17.03	5523.62
17.04	5527.76
17.05	5531.93
17.06	5536.14
17.07	5540.39
17.08	5544.67
17.09	5548.98
17.1	5553.34
17.11	5557.73
17.12	5562.15
17.13	5566.62
17.14	5571.12
17.15	5575.67
17.16	5580.25
17.17	5584.88
17.18	5589.54
17.19	5594.25
17.2	5598.99
17.21	5603.78
17.22	5608.62
17.23	5613.49
17.24	5618.41
17.25	5623.38
17.26	5628.39
17.27	5633.44
17.28	5638.55
17.29	5643.69
17.3	5648.89
17.31	5654.14
17.32	5659.43
17.33	5664.77
17.34	5670.16
17.35	5675.61
17.36	5681.1
17.37	5686.65
17.38	5692.24
17.39	5697.9
17.4	5703.6
17.41	5709.36
17.42	5715.18
17.43	5721.05
17.44	5726.97
17.45	5732.96
17.46	5739
17.47	5745.1
17.48	5751.26
17.49	5757.48
17.5	5763.76
17.51	5770.1
17.52	5776.5
17.53	5782.97
17.54	5789.5
17.55	5796.09
17.56	5802.75
17.57	5809.48
17.58	5816.27
17.59	5823.13
17.6	5830.05
17.61	5837.05
17.62	5844.11
17.63	5851.25
17.64	5858.46
17.65	5865.73
17.66	5873.08
17.67	5880.51
17.68	5888
17.69	5895.58
17.7	5903.22
17.71	5910.95
17.72	5918.75
17.73	5926.63
17.74	5934.59
17.75	5942.63
17.76	5950.74
17.77	5958.94
17.78	5967.22
17.79	5975.59
17.8	5984.03
17.81	5992.56
17.82	6001.18
17.83	6009.88
17.84	6018.66
17.85	6027.54
17.86	6036.5
17.87	6045.55
17.88	6054.69
17.89	6063.91
17.9	6073.23
17.91	6082.64
17.92	6092.14
17.93	6101.74
17.94	6111.42
17.95	6121.2
17.96	6131.08
17.97	6141.05
17.98	6151.11
17.99	6161.27
18	6171.53
18.01	6181.88
18.02	6192.33
18.03	6202.88
18.04	6213.52
18.05	6224.27
18.06	6235.11
18.07	6246.06
18.08	6257.1
18.09	6268.24
18.1	6279.49
18.11	6290.83
18.12	6302.27
18.13	6313.82
18.14	6325.47
18.15	6337.21
18.16	6349.06
18.17	6361.01
18.18	6373.06
18.19	6385.22
18.2	6397.47
18.21	6409.82
18.22	6422.28
18.23	6434.83
18.24	6447.49
18.25	6460.24
18.26	6473.1
18.27	6486.05
18.28	6499.1
18.29	6512.25
18.3	6525.5
18.31	6538.85
18.32	6552.28
18.33	6565.82
18.34	6579.45
18.35	6593.17
18.36	6606.98
18.37	6620.89
18.38	6634.88
18.39	6648.97
18.4	6663.14
18.41	6677.39
18.42	6691.74
18.43	6706.16
18.44	6720.67
18.45	6735.25
18.46	6749.92
18.47	6764.66
18.48	6779.47
18.49	6794.36
18.5	6809.32
18.51	6824.35
18.52	6839.44
18.53	6854.59
18.54	6869.81
18.55	6885.09
18.56	6900.42
18.57	6915.8
18.58	6931.24
18.59	6946.72
18.6	6962.25
18.61	6977.82
18.62	6993.43
18.63	7009.07
18.64	7024.75
18.65	7040.46
18.66	7056.19
18.67	7071.94
18.68	7087.72
18.69	7103.5
18.7	7119.3
18.71	7135.11
18.72	7150.92
18.73	7166.72
18.74	7182.53
18.75	7198.32
18.76	7214.1
18.77	7229.87
18.78	7245.61
18.79	7261.33
18.8	7277.01
18.81	7292.67
18.82	7308.28
18.83	7323.85
18.84	7339.37
18.85	7354.84
18.86	7370.25
18.87	7385.6
18.88	7400.88
18.89	7416.09
18.9	7431.22
18.91	7446.27
18.92	7461.24
18.93	7476.11
18.94	7490.89
18.95	7505.57
18.96	7520.14
18.97	7534.6
18.98	7548.95
18.99	7563.18
19	7577.29
19.01	7591.26
19.02	7605.1
19.03	7618.81
19.04	7632.37
19.05	7645.79
19.06	7659.05
19.07	7672.16
19.08	7685.11
19.09	7697.89
19.1	7710.51
19.11	7722.95
19.12	7735.22
19.13	7747.31
19.14	7759.21
19.15	7770.93
19.16	7782.46
19.17	7793.79
19.18	7804.92
19.19	7815.85
19.2	7826.58
19.21	7837.1
19.22	7847.41
19.23	7857.51
19.24	7867.39
19.25	7877.05
19.26	7886.49
19.27	7895.71
19.28	7904.71
19.29	7913.48
19.3	7922.02
19.31	7930.33
19.32	7938.41
19.33	7946.25
19.34	7953.86
19.35	7961.24
19.36	7968.38
19.37	7975.28
19.38	7981.94
19.39	7988.37
19.4	7994.55
19.41	8000.5
19.42	8006.21
19.43	8011.68
19.44	8016.91
19.45	8021.9
19.46	8026.65
19.47	8031.17
19.48	8035.44
19.49	8039.48
19.5	8043.29
19.51	8046.86
19.52	8050.2
19.53	8053.31
19.54	8056.18
19.55	8058.83
19.56	8061.25
19.57	8063.44
19.58	8065.41
19.59	8067.16
19.6	8068.69
19.61	8070
19.62	8071.1
19.63	8071.98
19.64	8072.65
19.65	8073.11
19.66	8073.37
19.67	8073.42
19.68	8073.27
19.69	8072.92
19.7	8072.38
19.71	8071.64
19.72	8070.72
19.73	8069.6
19.74	8068.31
19.75	8066.83
19.76	8065.17
19.77	8063.34
19.78	8061.33
19.79	8059.16
19.8	8056.82
19.81	8054.32
19.82	8051.66
19.83	8048.84
19.84	8045.86
19.85	8042.74
19.86	8039.47
19.87	8036.05
19.88	8032.5
19.89	8028.81
19.9	8024.98
19.91	8021.02
19.92	8016.93
19.93	8012.72
19.94	8008.38
19.95	8003.93
19.96	7999.36
19.97	7994.67
19.98	7989.88
19.99	7984.98
20	7979.97
20.01	7974.87
20.02	7969.67
20.03	7964.37
20.04	7958.98
20.05	7953.49
20.06	7947.93
20.07	7942.28
20.08	7936.54
20.09	7930.73
20.1	7924.84
20.11	7918.88
20.12	7912.85
20.13	7906.75
20.14	7900.59
20.15	7894.36
20.16	7888.07
20.17	7881.72
20.18	7875.31
20.19	7868.86
20.2	7862.35
20.21	7855.79
20.22	7849.18
20.23	7842.53
20.24	7835.83
20.25	7829.1
20.26	7822.32
20.27	7815.51
20.28	7808.66
20.29	7801.78
20.3	7794.87
20.31	7787.93
20.32	7780.96
20.33	7773.97
20.34	7766.95
20.35	7759.91
20.36	7752.85
20.37	7745.76
20.38	7738.66
20.39	7731.55
20.4	7724.42
20.41	7717.27
20.42	7710.11
20.43	7702.94
20.44	7695.77
20.45	7688.58
20.46	7681.39
20.47	7674.19
20.48	7666.98
20.49	7659.78
20.5	7652.57
20.51	7645.35
20.52	7638.14
20.53	7630.93
20.54	7623.72
20.55	7616.52
20.56	7609.31
20.57	7602.12
20.58	7594.92
20.59	7587.74
20.6	7580.56
20.61	7573.39
20.62	7566.22
20.63	7559.07
20.64	7551.93
20.65	7544.79
20.66	7537.67
20.67	7530.56
20.68	7523.47
20.69	7516.39
20.7	7509.32
20.71	7502.26
20.72	7495.22
20.73	7488.2
20.74	7481.19
20.75	7474.2
20.76	7467.22
20.77	7460.27
20.78	7453.33
20.79	7446.41
20.8	7439.51
20.81	7432.62
20.82	7425.76
20.83	7418.92
20.84	7412.09
20.85	7405.29
20.86	7398.5
20.87	7391.74
20.88	7385
20.89	7378.28
20.9	7371.59
20.91	7364.91
20.92	7358.26
20.93	7351.63
20.94	7345.02
20.95	7338.43
20.96	7331.87
20.97	7325.33
20.98	7318.81
20.99	7312.32
21	7305.85
21.01	7299.4
21.02	7292.98
21.03	7286.58
21.04	7280.21
21.05	7273.86
21.06	7267.53
21.07	7261.23
21.08	7254.95
21.09	7248.7
21.1	7242.47
21.11	7236.26
21.12	7230.08
21.13	7223.93
21.14	7217.79
21.15	7211.69
21.16	7205.6
21.17	7199.54
21.18	7193.51
21.19	7187.5
21.2	7181.52
21.21	7175.56
21.22	7169.62
21.23	7163.71
21.24	7157.82
21.25	7151.96
21.26	7146.12
21.27	7140.3
21.28	7134.51
21.29	7128.75
21.3	7123
21.31	7117.28
21.32	7111.59
21.33	7105.92
21.34	7100.27
21.35	7094.65
21.36	7089.05
21.37	7083.47
21.38	7077.92
21.39	7072.39
21.4	7066.89
21.41	7061.41
21.42	7055.95
21.43	7050.51
21.44	7045.1
21.45	7039.71
21.46	7034.34
21.47	7029
21.48	7023.67
21.49	7018.37
21.5	7013.1
21.51	7007.84
21.52	7002.61
21.53	6997.4
21.54	6992.21
21.55	6987.04
21.56	6981.9
21.57	6976.78
21.58	6971.68
21.59	6966.6
21.6	6961.54
21.61	6956.5
21.62	6951.48
21.63	6946.49
21.64	6941.51
21.65	6936.56
21.66	6931.63
21.67	6926.71
21.68	6921.82
21.69	6916.95
21.7	6912.1
21.71	6907.27
21.72	6902.45
21.73	6897.66
21.74	6892.89
21.75	6888.14
21.76	6883.41
21.77	6878.69
21.78	6874
21.79	6869.32
21.8	6864.67
21.81	6860.03
21.82	6855.41
21.83	6850.81
21.84	6846.23
21.85	6841.67
21.86	6837.12
21.87	6832.6
21.88	6828.09
21.89	6823.6
21.9	6819.13
21.91	6814.67
21.92	6810.24
21.93	6805.82
21.94	6801.42
21.95	6797.03
21.96	6792.67
21.97	6788.32
21.98	6783.99
21.99	6779.67
22	6775.37
22.01	6771.09
22.02	6766.82
22.03	6762.57
22.04	6758.34
22.05	6754.12
22.06	6749.92
22.07	6745.74
22.08	6741.57
22.09	6737.42
22.1	6733.28
22.11	6729.16
22.12	6725.06
22.13	6720.97
22.14	6716.89
22.15	6712.83
22.16	6708.79
22.17	6704.76
22.18	6700.75
22.19	6696.75
22.2	6692.76
22.21	6688.79
22.22	6684.84
22.23	6680.9
22.24	6676.97
22.25	6673.06
22.26	6669.16
22.27	6665.28
22.28	6661.41
22.29	6657.56
22.3	6653.71
22.31	6649.89
22.32	6646.07
22.33	6642.27
22.34	6638.49
22.35	6634.71
22.36	6630.95
22.37	6627.21
22.38	6623.47
22.39	6619.75
22.4	6616.05
22.41	6612.35
22.42	6608.67
22.43	6605
22.44	6601.35
22.45	6597.71
22.46	6594.08
22.47	6590.46
22.48	6586.85
22.49	6583.26
22.5	6579.68
22.51	6576.11
22.52	6572.56
22.53	6569.01
22.54	6565.48
22.55	6561.96
22.56	6558.45
22.57	6554.96
22.58	6551.47
22.59	6548
22.6	6544.54
22.61	6541.09
22.62	6537.65
22.63	6534.23
22.64	6530.81
22.65	6527.41
22.66	6524.02
22.67	6520.64
22.68	6517.27
22.69	6513.91
22.7	6510.56
22.71	6507.23
22.72	6503.9
22.73	6500.59
22.74	6497.28
22.75	6493.99
22.76	6490.71
22.77	6487.44
22.78	6484.18
22.79	6480.93
22.8	6477.69
22.81	6474.46
22.82	6471.24
22.83	6468.03
22.84	6464.83
22.85	6461.65
22.86	6458.47
22.87	6455.3
22.88	6452.15
22.89	6449
22.9	6445.86
22.91	6442.74
22.92	6439.62
22.93	6436.51
22.94	6433.42
22.95	6430.33
22.96	6427.25
22.97	6424.19
22.98	6421.13
22.99	6418.08
23	6415.04
23.01	6412.02
23.02	6409
23.03	6405.99
23.04	6402.99
23.05	6400
23.06	6397.02
23.07	6394.05
23.08	6391.09
23.09	6388.14
23.1	6385.2
23.11	6382.26
23.12	6379.34
23.13	6376.42
23.14	6373.52
23.15	6370.62
23.16	6367.74
23.17	6364.86
23.18	6361.99
23.19	6359.13
23.2	6356.28
23.21	6353.44
23.22	6350.61
23.23	6347.79
23.24	6344.98
23.25	6342.17
23.26	6339.38
23.27	6336.59
23.28	6333.81
23.29	6331.04
23.3	6328.28
23.31	6325.53
23.32	6322.79
23.33	6320.06
23.34	6317.33
23.35	6314.62
23.36	6311.91
23.37	6309.21
23.38	6306.53
23.39	6303.85
23.4	6301.17
23.41	6298.51
23.42	6295.86
23.43	6293.21
23.44	6290.58
23.45	6287.95
23.46	6285.33
23.47	6282.72
23.48	6280.12
23.49	6277.53
23.5	6274.94
23.51	6272.37
23.52	6269.8
23.53	6267.24
23.54	6264.69
23.55	6262.15
23.56	6259.62
23.57	6257.09
23.58	6254.58
23.59	6252.07
23.6	6249.57
23.61	6247.09
23.62	6244.6
23.63	6242.13
23.64	6239.67
23.65	6237.21
23.66	6234.77
23.67	6232.33
23.68	6229.9
23.69	6227.48
23.7	6225.07
23.71	6222.66
23.72	6220.27
23.73	6217.88
23.74	6215.5
23.75	6213.14
23.76	6210.77
23.77	6208.42
23.78	6206.08
23.79	6203.74
23.8	6201.42
23.81	6199.1
23.82	6196.79
23.83	6194.49
23.84	6192.2
23.85	6189.92
23.86	6187.64
23.87	6185.38
23.88	6183.12
23.89	6180.87
23.9	6178.63
23.91	6176.4
23.92	6174.17
23.93	6171.96
23.94	6169.76
23.95	6167.56
23.96	6165.37
23.97	6163.19
23.98	6161.02
23.99	6158.86
24	6156.71
24.01	6154.56
24.02	6152.43
24.03	6150.3
24.04	6148.18
24.05	6146.07
24.06	6143.97
24.07	6141.88
24.08	6139.8
24.09	6137.72
24.1	6135.66
24.11	6133.6
24.12	6131.55
24.13	6129.51
24.14	6127.48
24.15	6125.46
24.16	6123.45
24.17	6121.45
24.18	6119.45
24.19	6117.47
24.2	6115.49
24.21	6113.52
24.22	6111.57
24.23	6109.62
24.24	6107.68
24.25	6105.74
24.26	6103.82
24.27	6101.91
24.28	6100.01
24.29	6098.11
24.3	6096.22
24.31	6094.35
24.32	6092.48
24.33	6090.62
24.34	6088.77
24.35	6086.93
24.36	6085.1
24.37	6083.28
24.38	6081.47
24.39	6079.67
24.4	6077.87
24.41	6076.09
24.42	6074.31
24.43	6072.55
24.44	6070.79
24.45	6069.05
24.46	6067.31
24.47	6065.58
24.48	6063.86
24.49	6062.15
24.5	6060.45
24.51	6058.76
24.52	6057.08
24.53	6055.41
24.54	6053.75
24.55	6052.1
24.56	6050.46
24.57	6048.82
24.58	6047.2
24.59	6045.59
24.6	6043.98
24.61	6042.39
24.62	6040.8
24.63	6039.23
24.64	6037.66
24.65	6036.11
24.66	6034.56
24.67	6033.03
24.68	6031.5
24.69	6029.99
24.7	6028.48
24.71	6026.98
24.72	6025.5
24.73	6024.02
24.74	6022.55
24.75	6021.1
24.76	6019.65
24.77	6018.21
24.78	6016.79
24.79	6015.37
24.8	6013.96
24.81	6012.57
24.82	6011.18
24.83	6009.81
24.84	6008.44
24.85	6007.08
24.86	6005.74
24.87	6004.4
24.88	6003.08
24.89	6001.76
24.9	6000.46
24.91	5999.16
24.92	5997.88
24.93	5996.6
24.94	5995.34
24.95	5994.08
24.96	5992.84
24.97	5991.61
24.98	5990.39
24.99	5989.17
25	5987.97
25.01	5986.78
25.02	5985.6
25.03	5984.43
25.04	5983.27
25.05	5982.12
25.06	5980.98
25.07	5979.85
25.08	5978.73
25.09	5977.62
25.1	5976.53
25.11	5975.44
25.12	5974.37
25.13	5973.3
25.14	5972.25
25.15	5971.2
25.16	5970.17
25.17	5969.15
25.18	5968.13
25.19	5967.13
25.2	5966.14
25.21	5965.16
25.22	5964.19
25.23	5963.23
25.24	5962.28
25.25	5961.35
25.26	5960.42
25.27	5959.5
25.28	5958.6
25.29	5957.7
25.3	5956.82
25.31	5955.95
25.32	5955.09
25.33	5954.24
25.34	5953.4
25.35	5952.57
25.36	5951.75
25.37	5950.94
25.38	5950.14
25.39	5949.36
25.4	5948.58
25.41	5947.82
25.42	5947.06
25.43	5946.32
25.44	5945.59
25.45	5944.87
25.46	5944.15
25.47	5943.46
25.48	5942.77
25.49	5942.09
25.5	5941.42
25.51	5940.77
25.52	5940.12
25.53	5939.49
25.54	5938.86
25.55	5938.25
25.56	5937.65
25.57	5937.06
25.58	5936.48
25.59	5935.91
25.6	5935.35
25.61	5934.8
25.62	5934.26
25.63	5933.74
25.64	5933.22
25.65	5932.72
25.66	5932.22
25.67	5931.74
25.68	5931.27
25.69	5930.81
25.7	5930.35
25.71	5929.91
25.72	5929.48
25.73	5929.07
25.74	5928.66
25.75	5928.26
25.76	5927.87
25.77	5927.5
25.78	5927.13
25.79	5926.78
25.8	5926.43
25.81	5926.1
25.82	5925.78
25.83	5925.46
25.84	5925.16
25.85	5924.87
25.86	5924.59
25.87	5924.32
25.88	5924.06
25.89	5923.81
25.9	5923.57
25.91	5923.34
25.92	5923.12
25.93	5922.91
25.94	5922.71
25.95	5922.52
25.96	5922.35
25.97	5922.18
25.98	5922.02
25.99	5921.87
26	5921.73
26.01	5921.61
26.02	5921.49
26.03	5921.38
26.04	5921.29
26.05	5921.2
26.06	5921.12
26.07	5921.05
26.08	5920.99
26.09	5920.95
26.1	5920.91
26.11	5920.88
26.12	5920.86
26.13	5920.85
26.14	5920.85
26.15	5920.86
26.16	5920.88
26.17	5920.91
26.18	5920.94
26.19	5920.99
26.2	5921.05
26.21	5921.11
26.22	5921.19
26.23	5921.27
26.24	5921.36
26.25	5921.47
26.26	5921.58
26.27	5921.7
26.28	5921.83
26.29	5921.96
26.3	5922.11
26.31	5922.27
26.32	5922.43
26.33	5922.6
26.34	5922.78
26.35	5922.97
26.36	5923.17
26.37	5923.38
26.38	5923.59
26.39	5923.81
26.4	5924.04
26.41	5924.28
26.42	5924.53
26.43	5924.78
26.44	5925.05
26.45	5925.32
26.46	5925.59
26.47	5925.88
26.48	5926.17
26.49	5926.47
26.5	5926.78
26.51	5927.1
26.52	5927.42
26.53	5927.75
26.54	5928.09
26.55	5928.43
26.56	5928.79
26.57	5929.15
26.58	5929.51
26.59	5929.88
26.6	5930.26
26.61	5930.65
26.62	5931.04
26.63	5931.44
26.64	5931.84
26.65	5932.25
26.66	5932.67
26.67	5933.09
26.68	5933.52
26.69	5933.96
26.7	5934.4
26.71	5934.85
26.72	5935.3
26.73	5935.76
26.74	5936.22
26.75	5936.69
26.76	5937.16
26.77	5937.64
26.78	5938.13
26.79	5938.62
26.8	5939.11
26.81	5939.61
26.82	5940.11
26.83	5940.62
26.84	5941.13
26.85	5941.65
26.86	5942.17
26.87	5942.7
26.88	5943.23
26.89	5943.76
26.9	5944.3
26.91	5944.84
26.92	5945.39
26.93	5945.94
26.94	5946.49
26.95	5947.04
26.96	5947.6
26.97	5948.16
26.98	5948.73
26.99	5949.3
27	5949.87
27.01	5950.44
27.02	5951.02
27.03	5951.6
27.04	5952.18
27.05	5952.76
27.06	5953.35
27.07	5953.93
27.08	5954.52
27.09	5955.11
27.1	5955.71
27.11	5956.3
27.12	5956.9
27.13	5957.5
27.14	5958.09
27.15	5958.69
27.16	5959.29
27.17	5959.9
27.18	5960.5
27.19	5961.1
27.2	5961.7
27.21	5962.31
27.22	5962.91
27.23	5963.52
27.24	5964.12
27.25	5964.73
27.26	5965.33
27.27	5965.93
27.28	5966.54
27.29	5967.14
27.3	5967.74
27.31	5968.34
27.32	5968.94
27.33	5969.54
27.34	5970.14
27.35	5970.74
27.36	5971.33
27.37	5971.93
27.38	5972.52
27.39	5973.11
27.4	5973.7
27.41	5974.29
27.42	5974.87
27.43	5975.45
27.44	5976.03
27.45	5976.61
27.46	5977.19
27.47	5977.76
27.48	5978.33
27.49	5978.89
27.5	5979.46
27.51	5980.02
27.52	5980.57
27.53	5981.13
27.54	5981.68
27.55	5982.22
27.56	5982.76
27.57	5983.3
27.58	5983.83
27.59	5984.36
27.6	5984.89
27.61	5985.41
27.62	5985.93
27.63	5986.44
27.64	5986.94
27.65	5987.45
27.66	5987.94
27.67	5988.43
27.68	5988.92
27.69	5989.4
27.7	5989.87
27.71	5990.34
27.72	5990.81
27.73	5991.26
27.74	5991.72
27.75	5992.16
27.76	5992.6
27.77	5993.03
27.78	5993.46
27.79	5993.88
27.8	5994.29
27.81	5994.7
27.82	5995.1
27.83	5995.49
27.84	5995.87
27.85	5996.25
27.86	5996.62
27.87	5996.99
27.88	5997.34
27.89	5997.69
27.9	5998.03
27.91	5998.36
27.92	5998.68
27.93	5999
27.94	5999.3
27.95	5999.6
27.96	5999.89
27.97	6000.17
27.98	6000.45
27.99	6000.71
28	6000.97
28.01	6001.21
28.02	6001.45
28.03	6001.68
28.04	6001.9
28.05	6002.11
28.06	6002.31
28.07	6002.5
28.08	6002.68
28.09	6002.85
28.1	6003.01
28.11	6003.16
28.12	6003.3
28.13	6003.43
28.14	6003.55
28.15	6003.66
28.16	6003.76
28.17	6003.85
28.18	6003.93
28.19	6003.99
28.2	6004.05
28.21	6004.1
28.22	6004.13
28.23	6004.15
28.24	6004.17
28.25	6004.17
28.26	6004.16
28.27	6004.14
28.28	6004.11
28.29	6004.06
28.3	6004.01
28.31	6003.94
28.32	6003.86
28.33	6003.77
28.34	6003.67
28.35	6003.55
28.36	6003.42
28.37	6003.29
28.38	6003.13
28.39	6002.97
28.4	6002.8
28.41	6002.61
28.42	6002.41
28.43	6002.19
28.44	6001.97
28.45	6001.73
28.46	6001.48
28.47	6001.22
28.48	6000.94
28.49	6000.65
28.5	6000.35
28.51	6000.03
28.52	5999.7
28.53	5999.36
28.54	5999.01
28.55	5998.64
28.56	5998.26
28.57	5997.87
28.58	5997.46
28.59	5997.04
28.6	5996.6
28.61	5996.16
28.62	5995.7
28.63	5995.22
28.64	5994.73
28.65	5994.23
28.66	5993.72
28.67	5993.19
28.68	5992.65
28.69	5992.09
28.7	5991.52
28.71	5990.93
28.72	5990.34
28.73	5989.72
28.74	5989.1
28.75	5988.46
28.76	5987.81
28.77	5987.14
28.78	5986.46
28.79	5985.76
28.8	5985.05
28.81	5984.33
28.82	5983.59
28.83	5982.84
28.84	5982.07
28.85	5981.29
28.86	5980.5
28.87	5979.69
28.88	5978.87
28.89	5978.03
28.9	5977.18
28.91	5976.31
28.92	5975.43
28.93	5974.54
28.94	5973.63
28.95	5972.71
28.96	5971.77
28.97	5970.82
28.98	5969.86
28.99	5968.88
29	5967.88
29.01	5966.88
29.02	5965.85
29.03	5964.82
29.04	5963.77
29.05	5962.7
29.06	5961.62
29.07	5960.53
29.08	5959.42
29.09	5958.3
29.1	5957.16
29.11	5956.01
29.12	5954.85
29.13	5953.67
29.14	5952.48
29.15	5951.27
29.16	5950.05
29.17	5948.81
29.18	5947.56
29.19	5946.3
29.2	5945.02
29.21	5943.73
29.22	5942.43
29.23	5941.11
29.24	5939.77
29.25	5938.43
29.26	5937.07
29.27	5935.69
29.28	5934.3
29.29	5932.9
29.3	5931.48
29.31	5930.05
29.32	5928.61
29.33	5927.15
29.34	5925.68
29.35	5924.19
29.36	5922.69
29.37	5921.18
29.38	5919.65
29.39	5918.11
29.4	5916.56
29.41	5914.99
29.42	5913.41
29.43	5911.82
29.44	5910.21
29.45	5908.59
29.46	5906.96
29.47	5905.31
29.48	5903.65
29.49	5901.98
29.5	5900.29
29.51	5898.59
29.52	5896.88
29.53	5895.15
29.54	5893.42
29.55	5891.66
29.56	5889.9
29.57	5888.12
29.58	5886.33
29.59	5884.53
29.6	5882.72
29.61	5880.89
29.62	5879.05
29.63	5877.2
29.64	5875.33
29.65	5873.45
29.66	5871.56
29.67	5869.66
29.68	5867.75
29.69	5865.82
29.7	5863.88
29.71	5861.93
29.72	5859.97
29.73	5857.99
29.74	5856.01
29.75	5854.01
29.76	5852
29.77	5849.98
29.78	5847.94
29.79	5845.9
29.8	5843.84
29.81	5841.77
29.82	5839.69
29.83	5837.6
29.84	5835.5
29.85	5833.39
29.86	5831.26
29.87	5829.13
29.88	5826.98
29.89	5824.82
29.9	5822.65
29.91	5820.47
29.92	5818.28
29.93	5816.08
29.94	5813.87
29.95	5811.64
29.96	5809.41
29.97	5807.16
29.98	5804.91
29.99	5802.64
30	5800.37
30.01	5798.08
30.02	5795.79
30.03	5793.48
30.04	5791.17
30.05	5788.84
30.06	5786.5
30.07	5784.16
30.08	5781.8
30.09	5779.44
30.1	5777.06
30.11	5774.68
30.12	5772.28
30.13	5769.88
30.14	5767.47
30.15	5765.05
30.16	5762.61
30.17	5760.17
30.18	5757.72
30.19	5755.27
30.2	5752.8
30.21	5750.32
30.22	5747.84
30.23	5745.34
30.24	5742.84
30.25	5740.33
30.26	5737.81
30.27	5735.28
30.28	5732.74
30.29	5730.2
30.3	5727.64
30.31	5725.08
30.32	5722.51
30.33	5719.93
30.34	5717.35
30.35	5714.75
30.36	5712.15
30.37	5709.54
30.38	5706.92
30.39	5704.3
30.4	5701.67
30.41	5699.03
30.42	5696.38
30.43	5693.72
30.44	5691.06
30.45	5688.39
30.46	5685.72
30.47	5683.03
30.48	5680.34
30.49	5677.64
30.5	5674.94
30.51	5672.23
30.52	5669.51
30.53	5666.78
30.54	5664.05
30.55	5661.31
30.56	5658.57
30.57	5655.82
30.58	5653.06
30.59	5650.3
30.6	5647.53
30.61	5644.75
30.62	5641.97
30.63	5639.18
30.64	5636.39
30.65	5633.59
30.66	5630.78
30.67	5627.97
30.68	5625.16
30.69	5622.33
30.7	5619.51
30.71	5616.67
30.72	5613.83
30.73	5610.99
30.74	5608.14
30.75	5605.29
30.76	5602.43
30.77	5599.56
30.78	5596.69
30.79	5593.82
30.8	5590.94
30.81	5588.05
30.82	5585.17
30.83	5582.27
30.84	5579.37
30.85	5576.47
30.86	5573.56
30.87	5570.65
30.88	5567.74
30.89	5564.82
30.9	5561.89
30.91	5558.96
30.92	5556.03
30.93	5553.1
30.94	5550.16
30.95	5547.21
30.96	5544.26
30.97	5541.31
30.98	5538.36
30.99	5535.4
31	5532.43
31.01	5529.47
31.02	5526.5
31.03	5523.53
31.04	5520.55
31.05	5517.57
31.06	5514.59
31.07	5511.6
31.08	5508.61
31.09	5505.62
31.1	5502.63
31.11	5499.63
31.12	5496.63
31.13	5493.63
31.14	5490.62
31.15	5487.61
31.16	5484.6
31.17	5481.59
31.18	5478.57
31.19	5475.55
31.2	5472.53
31.21	5469.51
31.22	5466.48
31.23	5463.46
31.24	5460.43
31.25	5457.39
31.26	5454.36
31.27	5451.32
31.28	5448.29
31.29	5445.25
31.3	5442.21
31.31	5439.16
31.32	5436.12
31.33	5433.07
31.34	5430.02
31.35	5426.98
31.36	5423.92
31.37	5420.87
31.38	5417.82
31.39	5414.76
31.4	5411.71
31.41	5408.65
31.42	5405.59
31.43	5402.53
31.44	5399.47
31.45	5396.41
31.46	5393.35
31.47	5390.29
31.48	5387.22
31.49	5384.16
31.5	5381.09
31.51	5378.03
31.52	5374.96
31.53	5371.89
31.54	5368.82
31.55	5365.76
31.56	5362.69
31.57	5359.62
31.58	5356.55
31.59	5353.48
31.6	5350.41
31.61	5347.34
31.62	5344.27
31.63	5341.2
31.64	5338.13
31.65	5335.06
31.66	5331.99
31.67	5328.92
31.68	5325.85
31.69	5322.78
31.7	5319.71
31.71	5316.64
31.72	5313.57
31.73	5310.5
31.74	5307.43
31.75	5304.37
31.76	5301.3
31.77	5298.23
31.78	5295.17
31.79	5292.1
31.8	5289.04
31.81	5285.97
31.82	5282.91
31.83	5279.85
31.84	5276.79
31.85	5273.73
31.86	5270.67
31.87	5267.61
31.88	5264.55
31.89	5261.5
31.9	5258.44
31.91	5255.39
31.92	5252.33
31.93	5249.28
31.94	5246.23
31.95	5243.18
31.96	5240.13
31.97	5237.09
31.98	5234.04
31.99	5231
32	5227.96
32.01	5224.92
32.02	5221.88
32.03	5218.84
32.04	5215.81
32.05	5212.77
32.06	5209.74
32.07	5206.71
32.08	5203.68
32.09	5200.65
32.1	5197.63
32.11	5194.61
32.12	5191.58
32.13	5188.57
32.14	5185.55
32.15	5182.53
32.16	5179.52
32.17	5176.51
32.18	5173.5
32.19	5170.5
32.2	5167.49
32.21	5164.49
32.22	5161.49
32.23	5158.49
32.24	5155.5
32.25	5152.51
32.26	5149.52
32.27	5146.53
32.28	5143.54
32.29	5140.56
32.3	5137.58
32.31	5134.6
32.32	5131.63
32.33	5128.66
32.34	5125.69
32.35	5122.72
32.36	5119.76
32.37	5116.79
32.38	5113.84
32.39	5110.88
32.4	5107.93
32.41	5104.98
32.42	5102.03
32.43	5099.09
32.44	5096.14
32.45	5093.21
32.46	5090.27
32.47	5087.34
32.48	5084.41
32.49	5081.48
32.5	5078.56
32.51	5075.64
32.52	5072.73
32.53	5069.81
32.54	5066.9
32.55	5064
32.56	5061.09
32.57	5058.19
32.58	5055.3
32.59	5052.4
32.6	5049.51
32.61	5046.63
32.62	5043.74
32.63	5040.86
32.64	5037.99
32.65	5035.12
32.66	5032.25
32.67	5029.38
32.68	5026.52
32.69	5023.66
32.7	5020.81
32.71	5017.96
32.72	5015.11
32.73	5012.26
32.74	5009.42
32.75	5006.59
32.76	5003.76
32.77	5000.93
32.78	4998.1
32.79	4995.28
32.8	4992.47
32.81	4989.65
32.82	4986.84
32.83	4984.04
32.84	4981.24
32.85	4978.44
32.86	4975.65
32.87	4972.86
32.88	4970.07
32.89	4967.29
32.9	4964.51
32.91	4961.74
32.92	4958.97
32.93	4956.21
32.94	4953.45
32.95	4950.69
32.96	4947.94
32.97	4945.19
32.98	4942.45
32.99	4939.71
33	4936.97
33.01	4934.24
33.02	4931.51
33.03	4928.79
33.04	4926.07
33.05	4923.36
33.06	4920.65
33.07	4917.94
33.08	4915.24
33.09	4912.55
33.1	4909.86
33.11	4907.17
33.12	4904.48
33.13	4901.81
33.14	4899.13
33.15	4896.46
33.16	4893.8
33.17	4891.14
33.18	4888.48
33.19	4885.83
33.2	4883.18
33.21	4880.54
33.22	4877.9
33.23	4875.27
33.24	4872.64
33.25	4870.02
33.26	4867.4
33.27	4864.79
33.28	4862.18
33.29	4859.57
33.3	4856.97
33.31	4854.38
33.32	4851.79
33.33	4849.2
33.34	4846.62
33.35	4844.04
33.36	4841.47
33.37	4838.9
33.38	4836.34
33.39	4833.79
33.4	4831.23
33.41	4828.69
33.42	4826.14
33.43	4823.61
33.44	4821.07
33.45	4818.54
33.46	4816.02
33.47	4813.5
33.48	4810.99
33.49	4808.48
33.5	4805.98
33.51	4803.48
33.52	4800.99
33.53	4798.5
33.54	4796.02
33.55	4793.54
33.56	4791.07
33.57	4788.6
33.58	4786.13
33.59	4783.68
33.6	4781.22
33.61	4778.77
33.62	4776.33
33.63	4773.89
33.64	4771.46
33.65	4769.03
33.66	4766.61
33.67	4764.19
33.68	4761.78
33.69	4759.37
33.7	4756.97
33.71	4754.57
33.72	4752.18
33.73	4749.8
33.74	4747.41
33.75	4745.04
33.76	4742.67
33.77	4740.3
33.78	4737.94
33.79	4735.58
33.8	4733.23
33.81	4730.89
33.82	4728.55
33.83	4726.21
33.84	4723.88
33.85	4721.56
33.86	4719.24
33.87	4716.93
33.88	4714.62
33.89	4712.31
33.9	4710.02
33.91	4707.72
33.92	4705.44
33.93	4703.15
33.94	4700.88
33.95	4698.6
33.96	4696.34
33.97	4694.08
33.98	4691.82
33.99	4689.57
34	4687.32
34.01	4685.08
34.02	4682.85
34.03	4680.62
34.04	4678.4
34.05	4676.18
34.06	4673.96
34.07	4671.76
34.08	4669.55
34.09	4667.36
34.1	4665.16
34.11	4662.98
34.12	4660.79
34.13	4658.62
34.14	4656.45
34.15	4654.28
34.16	4652.12
34.17	4649.97
34.18	4647.82
34.19	4645.67
34.2	4643.54
34.21	4641.4
34.22	4639.27
34.23	4637.15
34.24	4635.03
34.25	4632.92
34.26	4630.82
34.27	4628.71
34.28	4626.62
34.29	4624.53
34.3	4622.44
34.31	4620.36
34.32	4618.29
34.33	4616.22
34.34	4614.16
34.35	4612.1
34.36	4610.05
34.37	4608
34.38	4605.96
34.39	4603.92
34.4	4601.89
34.41	4599.86
34.42	4597.84
34.43	4595.83
34.44	4593.82
34.45	4591.81
34.46	4589.81
34.47	4587.82
34.48	4585.83
34.49	4583.85
34.5	4581.87
34.51	4579.9
34.52	4577.93
34.53	4575.97
34.54	4574.01
34.55	4572.06
34.56	4570.11
34.57	4568.17
34.58	4566.24
34.59	4564.31
34.6	4562.38
34.61	4560.46
34.62	4558.55
34.63	4556.64
34.64	4554.74
34.65	4552.84
34.66	4550.95
34.67	4549.06
34.68	4547.18
34.69	4545.3
34.7	4543.43
34.71	4541.57
34.72	4539.71
34.73	4537.85
34.74	4536
34.75	4534.16
34.76	4532.32
34.77	4530.48
34.78	4528.65
34.79	4526.83
34.8	4525.01
34.81	4523.2
34.82	4521.39
34.83	4519.59
34.84	4517.79
34.85	4516
34.86	4514.21
34.87	4512.43
34.88	4510.65
34.89	4508.88
34.9	4507.12
34.91	4505.36
34.92	4503.6
34.93	4501.85
34.94	4500.11
34.95	4498.37
34.96	4496.63
34.97	4494.9
34.98	4493.18
34.99	4491.46
35	4489.74
35.01	4488.04
35.02	4486.33
35.03	4484.63
35.04	4482.94
35.05	4481.25
35.06	4479.57
35.07	4477.89
35.08	4476.22
35.09	4474.55
35.1	4472.89
35.11	4471.23
35.12	4469.58
35.13	4467.93
35.14	4466.29
35.15	4464.65
35.16	4463.02
35.17	4461.39
35.18	4459.77
35.19	4458.15
35.2	4456.54
35.21	4454.93
35.22	4453.33
35.23	4451.74
35.24	4450.14
35.25	4448.56
35.26	4446.97
35.27	4445.4
35.28	4443.83
35.29	4442.26
35.3	4440.7
35.31	4439.14
35.32	4437.59
35.33	4436.04
35.34	4434.5
35.35	4432.96
35.36	4431.43
35.37	4429.9
35.38	4428.38
35.39	4426.86
35.4	4425.35
35.41	4423.84
35.42	4422.34
35.43	4420.84
35.44	4419.34
35.45	4417.86
35.46	4416.37
35.47	4414.89
35.48	4413.42
35.49	4411.95
35.5	4410.48
35.51	4409.03
35.52	4407.57
35.53	4406.12
35.54	4404.67
35.55	4403.23
35.56	4401.8
35.57	4400.37
35.58	4398.94
35.59	4397.52
35.6	4396.1
35.61	4394.69
35.62	4393.28
35.63	4391.88
35.64	4390.48
35.65	4389.08
35.66	4387.69
35.67	4386.31
35.68	4384.93
35.69	4383.55
35.7	4382.18
35.71	4380.82
35.72	4379.45
35.73	4378.1
35.74	4376.74
35.75	4375.4
35.76	4374.05
35.77	4372.71
35.78	4371.38
35.79	4370.05
35.8	4368.72
35.81	4367.4
35.82	4366.09
35.83	4364.77
35.84	4363.47
35.85	4362.16
35.86	4360.86
35.87	4359.57
35.88	4358.28
35.89	4356.99
35.9	4355.71
35.91	4354.44
35.92	4353.16
35.93	4351.89
35.94	4350.63
35.95	4349.37
35.96	4348.12
35.97	4346.86
35.98	4345.62
35.99	4344.38
36	4343.14
36.01	4341.9
36.02	4340.67
36.03	4339.45
36.04	4338.23
36.05	4337.01
36.06	4335.8
36.07	4334.59
36.08	4333.38
36.09	4332.18
36.1	4330.99
36.11	4329.79
36.12	4328.61
36.13	4327.42
36.14	4326.24
36.15	4325.07
36.16	4323.9
36.17	4322.73
36.18	4321.57
36.19	4320.41
36.2	4319.25
36.21	4318.1
36.22	4316.95
36.23	4315.81
36.24	4314.67
36.25	4313.53
36.26	4312.4
36.27	4311.27
36.28	4310.15
36.29	4309.03
36.3	4307.92
36.31	4306.8
36.32	4305.7
36.33	4304.59
36.34	4303.49
36.35	4302.39
36.36	4301.3
36.37	4300.21
36.38	4299.13
36.39	4298.05
36.4	4296.97
36.41	4295.9
36.42	4294.83
36.43	4293.76
36.44	4292.7
36.45	4291.64
36.46	4290.58
36.47	4289.53
36.48	4288.49
36.49	4287.44
36.5	4286.4
36.51	4285.37
36.52	4284.33
36.53	4283.3
36.54	4282.28
36.55	4281.26
36.56	4280.24
36.57	4279.22
36.58	4278.21
36.59	4277.2
36.6	4276.2
36.61	4275.2
36.62	4274.2
36.63	4273.21
36.64	4272.22
36.65	4271.23
36.66	4270.25
36.67	4269.27
36.68	4268.29
36.69	4267.32
36.7	4266.35
36.71	4265.38
36.72	4264.42
36.73	4263.46
36.74	4262.5
36.75	4261.55
36.76	4260.6
36.77	4259.66
36.78	4258.71
36.79	4257.77
36.8	4256.84
36.81	4255.9
36.82	4254.97
36.83	4254.05
36.84	4253.13
36.85	4252.21
36.86	4251.29
36.87	4250.38
36.88	4249.46
36.89	4248.56
36.9	4247.65
36.91	4246.75
36.92	4245.86
36.93	4244.96
36.94	4244.07
36.95	4243.18
36.96	4242.3
36.97	4241.41
36.98	4240.53
36.99	4239.66
37	4238.79
37.01	4237.92
37.02	4237.05
37.03	4236.19
37.04	4235.32
37.05	4234.47
37.06	4233.61
37.07	4232.76
37.08	4231.91
37.09	4231.06
37.1	4230.22
37.11	4229.38
37.12	4228.54
37.13	4227.71
37.14	4226.88
37.15	4226.05
37.16	4225.22
37.17	4224.4
37.18	4223.58
37.19	4222.76
37.2	4221.95
37.21	4221.14
37.22	4220.33
37.23	4219.52
37.24	4218.72
37.25	4217.92
37.26	4217.12
37.27	4216.32
37.28	4215.53
37.29	4214.74
37.3	4213.95
37.31	4213.17
37.32	4212.39
37.33	4211.61
37.34	4210.83
37.35	4210.06
37.36	4209.29
37.37	4208.52
37.38	4207.75
37.39	4206.99
37.4	4206.23
37.41	4205.47
37.42	4204.71
37.43	4203.96
37.44	4203.21
37.45	4202.46
37.46	4201.72
37.47	4200.97
37.48	4200.23
37.49	4199.49
37.5	4198.76
37.51	4198.02
37.52	4197.29
37.53	4196.56
37.54	4195.84
37.55	4195.12
37.56	4194.39
37.57	4193.68
37.58	4192.96
37.59	4192.25
37.6	4191.53
37.61	4190.82
37.62	4190.12
37.63	4189.41
37.64	4188.71
37.65	4188.01
37.66	4187.31
37.67	4186.62
37.68	4185.92
37.69	4185.23
37.7	4184.54
37.71	4183.86
37.72	4183.17
37.73	4182.49
37.74	4181.81
37.75	4181.14
37.76	4180.46
37.77	4179.79
37.78	4179.12
37.79	4178.45
37.8	4177.78
37.81	4177.12
37.82	4176.46
37.83	4175.8
37.84	4175.14
37.85	4174.48
37.86	4173.83
37.87	4173.18
37.88	4172.53
37.89	4171.88
37.9	4171.23
37.91	4170.59
37.92	4169.95
37.93	4169.31
37.94	4168.67
37.95	4168.04
37.96	4167.4
37.97	4166.77
37.98	4166.14
37.99	4165.52
38	4164.89
38.01	4164.27
38.02	4163.65
38.03	4163.03
38.04	4162.41
38.05	4161.8
38.06	4161.18
38.07	4160.57
38.08	4159.96
38.09	4159.35
38.1	4158.75
38.11	4158.14
38.12	4157.54
38.13	4156.94
38.14	4156.34
38.15	4155.75
38.16	4155.15
38.17	4154.56
38.18	4153.97
38.19	4153.38
38.2	4152.79
38.21	4152.21
38.22	4151.62
38.23	4151.04
38.24	4150.46
38.25	4149.88
38.26	4149.31
38.27	4148.73
38.28	4148.16
38.29	4147.59
38.3	4147.02
38.31	4146.45
38.32	4145.89
38.33	4145.32
38.34	4144.76
38.35	4144.2
38.36	4143.64
38.37	4143.08
38.38	4142.53
38.39	4141.97
38.4	4141.42
38.41	4140.87
38.42	4140.32
38.43	4139.77
38.44	4139.23
38.45	4138.68
38.46	4138.14
38.47	4137.6
38.48	4137.06
38.49	4136.52
38.5	4135.99
38.51	4135.45
38.52	4134.92
38.53	4134.39
38.54	4133.86
38.55	4133.33
38.56	4132.81
38.57	4132.28
38.58	4131.76
38.59	4131.24
38.6	4130.72
38.61	4130.2
38.62	4129.68
38.63	4129.17
38.64	4128.65
38.65	4128.14
38.66	4127.63
38.67	4127.12
38.68	4126.61
38.69	4126.11
38.7	4125.6
38.71	4125.1
38.72	4124.6
38.73	4124.1
38.74	4123.6
38.75	4123.1
38.76	4122.61
38.77	4122.11
38.78	4121.62
38.79	4121.13
38.8	4120.64
38.81	4120.15
38.82	4119.66
38.83	4119.18
38.84	4118.69
38.85	4118.21
38.86	4117.73
38.87	4117.25
38.88	4116.77
38.89	4116.29
38.9	4115.82
38.91	4115.34
38.92	4114.87
38.93	4114.4
38.94	4113.93
38.95	4113.46
38.96	4112.99
38.97	4112.53
38.98	4112.06
38.99	4111.6
39	4111.14
39.01	4110.68
39.02	4110.22
39.03	4109.76
39.04	4109.3
39.05	4108.85
39.06	4108.39
39.07	4107.94
39.08	4107.49
39.09	4107.04
39.1	4106.59
39.11	4106.15
39.12	4105.7
39.13	4105.26
39.14	4104.81
39.15	4104.37
39.16	4103.93
39.17	4103.49
39.18	4103.06
39.19	4102.62
39.2	4102.18
39.21	4101.75
39.22	4101.32
39.23	4100.89
39.24	4100.46
39.25	4100.03
39.26	4099.6
39.27	4099.18
39.28	4098.75
39.29	4098.33
39.3	4097.91
39.31	4097.49
39.32	4097.07
39.33	4096.65
39.34	4096.23
39.35	4095.82
39.36	4095.4
39.37	4094.99
39.38	4094.58
39.39	4094.17
39.4	4093.76
39.41	4093.35
39.42	4092.94
39.43	4092.54
39.44	4092.13
39.45	4091.73
39.46	4091.33
39.47	4090.93
39.48	4090.53
39.49	4090.13
39.5	4089.73
39.51	4089.34
39.52	4088.94
39.53	4088.55
39.54	4088.16
39.55	4087.77
39.56	4087.38
39.57	4086.99
39.58	4086.6
39.59	4086.22
39.6	4085.83
39.61	4085.45
39.62	4085.07
39.63	4084.69
39.64	4084.31
39.65	4083.93
39.66	4083.55
39.67	4083.18
39.68	4082.8
39.69	4082.43
39.7	4082.06
39.71	4081.69
39.72	4081.32
39.73	4080.95
39.74	4080.58
39.75	4080.22
39.76	4079.85
39.77	4079.49
39.78	4079.13
39.79	4078.77
39.8	4078.41
39.81	4078.05
39.82	4077.69
39.83	4077.33
39.84	4076.98
39.85	4076.63
39.86	4076.27
39.87	4075.92
39.88	4075.57
39.89	4075.22
39.9	4074.88
39.91	4074.53
39.92	4074.18
39.93	4073.84
39.94	4073.5
39.95	4073.16
39.96	4072.82
39.97	4072.48
39.98	4072.14
39.99	4071.8
40	4071.47
40.01	4071.13
40.02	4070.8
40.03	4070.47
40.04	4070.14
40.05	4069.81
40.06	4069.48
40.07	4069.15
40.08	4068.83
40.09	4068.5
40.1	4068.18
40.11	4067.86
40.12	4067.54
40.13	4067.22
40.14	4066.9
40.15	4066.58
40.16	4066.27
40.17	4065.95
40.18	4065.64
40.19	4065.33
40.2	4065.02
40.21	4064.71
40.22	4064.4
40.23	4064.09
40.24	4063.78
40.25	4063.48
40.26	4063.18
40.27	4062.87
40.28	4062.57
40.29	4062.27
40.3	4061.97
40.31	4061.68
40.32	4061.38
40.33	4061.09
40.34	4060.79
40.35	4060.5
40.36	4060.21
40.37	4059.92
40.38	4059.63
40.39	4059.34
40.4	4059.06
40.41	4058.77
40.42	4058.49
40.43	4058.21
40.44	4057.92
40.45	4057.64
40.46	4057.37
40.47	4057.09
40.48	4056.81
40.49	4056.54
40.5	4056.26
40.51	4055.99
40.52	4055.72
40.53	4055.45
40.54	4055.18
40.55	4054.91
40.56	4054.65
40.57	4054.38
40.58	4054.12
40.59	4053.86
40.6	4053.6
40.61	4053.34
40.62	4053.08
40.63	4052.82
40.64	4052.56
40.65	4052.31
40.66	4052.06
40.67	4051.8
40.68	4051.55
40.69	4051.3
40.7	4051.06
40.71	4050.81
40.72	4050.56
40.73	4050.32
40.74	4050.08
40.75	4049.83
40.76	4049.59
40.77	4049.35
40.78	4049.12
40.79	4048.88
40.8	4048.65
40.81	4048.41
40.82	4048.18
40.83	4047.95
40.84	4047.72
40.85	4047.49
40.86	4047.26
40.87	4047.03
40.88	4046.81
40.89	4046.59
40.9	4046.36
40.91	4046.14
40.92	4045.92
40.93	4045.71
40.94	4045.49
40.95	4045.27
40.96	4045.06
40.97	4044.85
40.98	4044.64
40.99	4044.43
41	4044.22
41.01	4044.01
41.02	4043.8
41.03	4043.6
41.04	4043.39
41.05	4043.19
41.06	4042.99
41.07	4042.79
41.08	4042.59
41.09	4042.4
41.1	4042.2
41.11	4042.01
41.12	4041.82
41.13	4041.62
41.14	4041.43
41.15	4041.25
41.16	4041.06
41.17	4040.87
41.18	4040.69
41.19	4040.51
41.2	4040.32
41.21	4040.14
41.22	4039.96
41.23	4039.79
41.24	4039.61
41.25	4039.44
41.26	4039.26
41.27	4039.09
41.28	4038.92
41.29	4038.75
41.3	4038.58
41.31	4038.42
41.32	4038.25
41.33	4038.09
41.34	4037.93
41.35	4037.77
41.36	4037.61
41.37	4037.45
41.38	4037.29
41.39	4037.14
41.4	4036.98
41.41	4036.83
41.42	4036.68
41.43	4036.53
41.44	4036.38
41.45	4036.24
41.46	4036.09
41.47	4035.95
41.48	4035.81
41.49	4035.66
41.5	4035.52
41.51	4035.39
41.52	4035.25
41.53	4035.12
41.54	4034.98
41.55	4034.85
41.56	4034.72
41.57	4034.59
41.58	4034.46
41.59	4034.34
41.6	4034.21
41.61	4034.09
41.62	4033.97
41.63	4033.84
41.64	4033.73
41.65	4033.61
41.66	4033.49
41.67	4033.38
41.68	4033.26
41.69	4033.15
41.7	4033.04
41.71	4032.93
41.72	4032.83
41.73	4032.72
41.74	4032.62
41.75	4032.51
41.76	4032.41
41.77	4032.31
41.78	4032.21
41.79	4032.12
41.8	4032.02
41.81	4031.93
41.82	4031.84
41.83	4031.75
41.84	4031.66
41.85	4031.57
41.86	4031.48
41.87	4031.4
41.88	4031.31
41.89	4031.23
41.9	4031.15
41.91	4031.07
41.92	4031
41.93	4030.92
41.94	4030.85
41.95	4030.77
41.96	4030.7
41.97	4030.63
41.98	4030.57
41.99	4030.5
42	4030.43
42.01	4030.37
42.02	4030.31
42.03	4030.25
42.04	4030.19
42.05	4030.13
42.06	4030.08
42.07	4030.02
42.08	4029.97
42.09	4029.92
42.1	4029.87
42.11	4029.82
42.12	4029.78
42.13	4029.73
42.14	4029.69
42.15	4029.65
42.16	4029.61
42.17	4029.57
42.18	4029.53
42.19	4029.49
42.2	4029.46
42.21	4029.43
42.22	4029.4
42.23	4029.37
42.24	4029.34
42.25	4029.32
42.26	4029.29
42.27	4029.27
42.28	4029.25
42.29	4029.23
42.3	4029.21
42.31	4029.19
42.32	4029.18
42.33	4029.17
42.34	4029.15
42.35	4029.14
42.36	4029.13
42.37	4029.13
42.38	4029.12
42.39	4029.12
42.4	4029.12
42.41	4029.12
42.42	4029.12
42.43	4029.12
42.44	4029.13
42.45	4029.13
42.46	4029.14
42.47	4029.15
42.48	4029.16
42.49	4029.17
42.5	4029.19
42.51	4029.2
42.52	4029.22
42.53	4029.24
42.54	4029.26
42.55	4029.28
42.56	4029.31
42.57	4029.33
42.58	4029.36
42.59	4029.39
42.6	4029.42
42.61	4029.45
42.62	4029.48
42.63	4029.52
42.64	4029.56
42.65	4029.59
42.66	4029.63
42.67	4029.68
42.68	4029.72
42.69	4029.77
42.7	4029.81
42.71	4029.86
42.72	4029.91
42.73	4029.96
42.74	4030.02
42.75	4030.07
42.76	4030.13
42.77	4030.19
42.78	4030.25
42.79	4030.31
42.8	4030.37
42.81	4030.44
42.82	4030.5
42.83	4030.57
42.84	4030.64
42.85	4030.71
42.86	4030.79
42.87	4030.86
42.88	4030.94
42.89	4031.02
42.9	4031.1
42.91	4031.18
42.92	4031.26
42.93	4031.35
42.94	4031.44
42.95	4031.52
42.96	4031.61
42.97	4031.71
42.98	4031.8
42.99	4031.9
43	4031.99
43.01	4032.09
43.02	4032.19
43.03	4032.29
43.04	4032.4
43.05	4032.5
43.06	4032.61
43.07	4032.72
43.08	4032.83
43.09	4032.94
43.1	4033.06
43.11	4033.17
43.12	4033.29
43.13	4033.41
43.14	4033.53
43.15	4033.65
43.16	4033.77
43.17	4033.9
43.18	4034.03
43.19	4034.16
43.2	4034.29
43.21	4034.42
43.22	4034.56
43.23	4034.69
43.24	4034.83
43.25	4034.97
43.26	4035.11
43.27	4035.25
43.28	4035.4
43.29	4035.54
43.3	4035.69
43.31	4035.84
43.32	4035.99
43.33	4036.15
43.34	4036.3
43.35	4036.46
43.36	4036.62
43.37	4036.78
43.38	4036.94
43.39	4037.1
43.4	4037.27
43.41	4037.43
43.42	4037.6
43.43	4037.77
43.44	4037.94
43.45	4038.12
43.46	4038.29
43.47	4038.47
43.48	4038.65
43.49	4038.83
43.5	4039.01
43.51	4039.2
43.52	4039.38
43.53	4039.57
43.54	4039.76
43.55	4039.95
43.56	4040.14
43.57	4040.34
43.58	4040.53
43.59	4040.73
43.6	4040.93
43.61	4041.13
43.62	4041.34
43.63	4041.54
43.64	4041.75
43.65	4041.96
43.66	4042.17
43.67	4042.38
43.68	4042.59
43.69	4042.81
43.7	4043.02
43.71	4043.24
43.72	4043.46
43.73	4043.69
43.74	4043.91
43.75	4044.14
43.76	4044.36
43.77	4044.59
43.78	4044.82
43.79	4045.06
43.8	4045.29
43.81	4045.53
43.82	4045.76
43.83	4046
43.84	4046.25
43.85	4046.49
43.86	4046.73
43.87	4046.98
43.88	4047.23
43.89	4047.48
43.9	4047.73
43.91	4047.98
43.92	4048.24
43.93	4048.5
43.94	4048.76
43.95	4049.02
43.96	4049.28
43.97	4049.54
43.98	4049.81
43.99	4050.08
44	4050.34
44.01	4050.62
44.02	4050.89
44.03	4051.16
44.04	4051.44
44.05	4051.72
44.06	4052
44.07	4052.28
44.08	4052.56
44.09	4052.85
44.1	4053.13
44.11	4053.42
44.12	4053.71
44.13	4054
44.14	4054.3
44.15	4054.59
44.16	4054.89
44.17	4055.19
44.18	4055.49
44.19	4055.79
44.2	4056.09
44.21	4056.4
44.22	4056.71
44.23	4057.02
44.24	4057.33
44.25	4057.64
44.26	4057.96
44.27	4058.27
44.28	4058.59
44.29	4058.91
44.3	4059.23
44.31	4059.55
44.32	4059.88
44.33	4060.21
44.34	4060.53
44.35	4060.86
44.36	4061.2
44.37	4061.53
44.38	4061.86
44.39	4062.2
44.4	4062.54
44.41	4062.88
44.42	4063.22
44.43	4063.57
44.44	4063.91
44.45	4064.26
44.46	4064.61
44.47	4064.96
44.48	4065.31
44.49	4065.67
44.5	4066.02
44.51	4066.38
44.52	4066.74
44.53	4067.1
44.54	4067.47
44.55	4067.83
44.56	4068.2
44.57	4068.57
44.58	4068.94
44.59	4069.31
44.6	4069.68
44.61	4070.06
44.62	4070.43
44.63	4070.81
44.64	4071.19
44.65	4071.57
44.66	4071.96
44.67	4072.34
44.68	4072.73
44.69	4073.12
44.7	4073.51
44.71	4073.9
44.72	4074.3
44.73	4074.69
44.74	4075.09
44.75	4075.49
44.76	4075.89
44.77	4076.29
44.78	4076.7
44.79	4077.1
44.8	4077.51
44.81	4077.92
44.82	4078.33
44.83	4078.74
44.84	4079.16
44.85	4079.58
44.86	4079.99
44.87	4080.41
44.88	4080.84
44.89	4081.26
44.9	4081.68
44.91	4082.11
44.92	4082.54
44.93	4082.97
44.94	4083.4
44.95	4083.83
44.96	4084.27
44.97	4084.71
44.98	4085.14
44.99	4085.58
45	4086.03
45.01	4086.47
45.02	4086.92
45.03	4087.36
45.04	4087.81
45.05	4088.26
45.06	4088.71
45.07	4089.17
45.08	4089.62
45.09	4090.08
45.1	4090.54
45.11	4091
45.12	4091.46
45.13	4091.93
45.14	4092.39
45.15	4092.86
45.16	4093.33
45.17	4093.8
45.18	4094.27
45.19	4094.75
45.2	4095.22
45.21	4095.7
45.22	4096.18
45.23	4096.66
45.24	4097.14
45.25	4097.63
45.26	4098.11
45.27	4098.6
45.28	4099.09
45.29	4099.58
45.3	4100.07
45.31	4100.57
45.32	4101.06
45.33	4101.56
45.34	4102.06
45.35	4102.56
45.36	4103.06
45.37	4103.57
45.38	4104.07
45.39	4104.58
45.4	4105.09
45.41	4105.6
45.42	4106.11
45.43	4106.63
45.44	4107.14
45.45	4107.66
45.46	4108.18
45.47	4108.7
45.48	4109.22
45.49	4109.75
45.5	4110.27
45.51	4110.8
45.52	4111.33
45.53	4111.86
45.54	4112.39
45.55	4112.93
45.56	4113.46
45.57	4114
45.58	4114.54
45.59	4115.08
45.6	4115.62
45.61	4116.17
45.62	4116.71
45.63	4117.26
45.64	4117.81
45.65	4118.36
45.66	4118.91
45.67	4119.46
45.68	4120.02
45.69	4120.58
45.7	4121.14
45.71	4121.7
45.72	4122.26
45.73	4122.82
45.74	4123.39
45.75	4123.95
45.76	4124.52
45.77	4125.09
45.78	4125.66
45.79	4126.23
45.8	4126.81
45.81	4127.39
45.82	4127.96
45.83	4128.54
45.84	4129.12
45.85	4129.71
45.86	4130.29
45.87	4130.88
45.88	4131.47
45.89	4132.05
45.9	4132.64
45.91	4133.24
45.92	4133.83
45.93	4134.43
45.94	4135.02
45.95	4135.62
45.96	4136.22
45.97	4136.82
45.98	4137.43
45.99	4138.03
46	4138.64
46.01	4139.25
46.02	4139.86
46.03	4140.47
46.04	4141.08
46.05	4141.7
46.06	4142.31
46.07	4142.93
46.08	4143.55
46.09	4144.17
46.1	4144.79
46.11	4145.42
46.12	4146.04
46.13	4146.67
46.14	4147.3
46.15	4147.93
46.16	4148.56
46.17	4149.19
46.18	4149.83
46.19	4150.46
46.2	4151.1
46.21	4151.74
46.22	4152.38
46.23	4153.02
46.24	4153.67
46.25	4154.31
46.26	4154.96
46.27	4155.61
46.28	4156.26
46.29	4156.91
46.3	4157.57
46.31	4158.22
46.32	4158.88
46.33	4159.54
46.34	4160.19
46.35	4160.86
46.36	4161.52
46.37	4162.18
46.38	4162.85
46.39	4163.51
46.4	4164.18
46.41	4164.85
46.42	4165.53
46.43	4166.2
46.44	4166.87
46.45	4167.55
46.46	4168.23
46.47	4168.91
46.48	4169.59
46.49	4170.27
46.5	4170.95
46.51	4171.64
46.52	4172.32
46.53	4173.01
46.54	4173.7
46.55	4174.39
46.56	4175.09
46.57	4175.78
46.58	4176.48
46.59	4177.17
46.6	4177.87
46.61	4178.57
46.62	4179.27
46.63	4179.98
46.64	4180.68
46.65	4181.39
46.66	4182.09
46.67	4182.8
46.68	4183.51
46.69	4184.22
46.7	4184.94
46.71	4185.65
46.72	4186.37
46.73	4187.09
46.74	4187.81
46.75	4188.53
46.76	4189.25
46.77	4189.97
46.78	4190.7
46.79	4191.42
46.8	4192.15
46.81	4192.88
46.82	4193.61
46.83	4194.34
46.84	4195.08
46.85	4195.81
46.86	4196.55
46.87	4197.29
46.88	4198.03
46.89	4198.77
46.9	4199.51
46.91	4200.25
46.92	4201
46.93	4201.74
46.94	4202.49
46.95	4203.24
46.96	4203.99
46.97	4204.74
46.98	4205.5
46.99	4206.25
47	4207.01
47.01	4207.77
47.02	4208.52
47.03	4209.29
47.04	4210.05
47.05	4210.81
47.06	4211.57
47.07	4212.34
47.08	4213.11
47.09	4213.88
47.1	4214.65
47.11	4215.42
47.12	4216.19
47.13	4216.97
47.14	4217.74
47.15	4218.52
47.16	4219.3
47.17	4220.08
47.18	4220.86
47.19	4221.64
47.2	4222.43
47.21	4223.21
47.22	4224
47.23	4224.79
47.24	4225.58
47.25	4226.37
47.26	4227.16
47.27	4227.95
47.28	4228.75
47.29	4229.54
47.3	4230.34
47.31	4231.14
47.32	4231.94
47.33	4232.74
47.34	4233.54
47.35	4234.35
47.36	4235.15
47.37	4235.96
47.38	4236.77
47.39	4237.58
47.4	4238.39
47.41	4239.2
47.42	4240.02
47.43	4240.83
47.44	4241.65
47.45	4242.46
47.46	4243.28
47.47	4244.1
47.48	4244.92
47.49	4245.75
47.5	4246.57
47.51	4247.4
47.52	4248.22
47.53	4249.05
47.54	4249.88
47.55	4250.71
47.56	4251.54
47.57	4252.38
47.58	4253.21
47.59	4254.05
47.6	4254.88
47.61	4255.72
47.62	4256.56
47.63	4257.4
47.64	4258.24
47.65	4259.09
47.66	4259.93
47.67	4260.78
47.68	4261.62
47.69	4262.47
47.7	4263.32
47.71	4264.17
47.72	4265.02
47.73	4265.88
47.74	4266.73
47.75	4267.59
47.76	4268.45
47.77	4269.3
47.78	4270.16
47.79	4271.02
47.8	4271.89
47.81	4272.75
47.82	4273.61
47.83	4274.48
47.84	4275.35
47.85	4276.22
47.86	4277.08
47.87	4277.96
47.88	4278.83
47.89	4279.7
47.9	4280.57
47.91	4281.45
47.92	4282.33
47.93	4283.21
47.94	4284.08
47.95	4284.96
47.96	4285.85
47.97	4286.73
47.98	4287.61
47.99	4288.5
48	4289.38
48.01	4290.27
48.02	4291.16
48.03	4292.05
48.04	4292.94
48.05	4293.83
48.06	4294.73
48.07	4295.62
48.08	4296.52
48.09	4297.42
48.1	4298.31
48.11	4299.21
48.12	4300.11
48.13	4301.02
48.14	4301.92
48.15	4302.82
48.16	4303.73
48.17	4304.63
48.18	4305.54
48.19	4306.45
48.2	4307.36
48.21	4308.27
48.22	4309.18
48.23	4310.1
48.24	4311.01
48.25	4311.93
48.26	4312.84
48.27	4313.76
48.28	4314.68
48.29	4315.6
48.3	4316.52
48.31	4317.44
48.32	4318.37
48.33	4319.29
48.34	4320.22
48.35	4321.14
48.36	4322.07
48.37	4323
48.38	4323.93
48.39	4324.86
48.4	4325.79
48.41	4326.73
48.42	4327.66
48.43	4328.6
48.44	4329.53
48.45	4330.47
48.46	4331.41
48.47	4332.35
48.48	4333.29
48.49	4334.23
48.5	4335.18
48.51	4336.12
48.52	4337.07
48.53	4338.01
48.54	4338.96
48.55	4339.91
48.56	4340.86
48.57	4341.81
48.58	4342.76
48.59	4343.71
48.6	4344.67
48.61	4345.62
48.62	4346.58
48.63	4347.53
48.64	4348.49
48.65	4349.45
48.66	4350.41
48.67	4351.37
48.68	4352.34
48.69	4353.3
48.7	4354.26
48.71	4355.23
48.72	4356.19
48.73	4357.16
48.74	4358.13
48.75	4359.1
48.76	4360.07
48.77	4361.04
48.78	4362.01
48.79	4362.99
48.8	4363.96
48.81	4364.94
48.82	4365.91
48.83	4366.89
48.84	4367.87
48.85	4368.85
48.86	4369.83
48.87	4370.81
48.88	4371.79
48.89	4372.78
48.9	4373.76
48.91	4374.75
48.92	4375.73
48.93	4376.72
48.94	4377.71
48.95	4378.7
48.96	4379.69
48.97	4380.68
48.98	4381.67
48.99	4382.67
49	4383.66
49.01	4384.66
49.02	4385.65
49.03	4386.65
49.04	4387.65
49.05	4388.65
49.06	4389.65
49.07	4390.65
49.08	4391.65
49.09	4392.65
49.1	4393.66
49.11	4394.66
49.12	4395.67
49.13	4396.67
49.14	4397.68
49.15	4398.69
49.16	4399.7
49.17	4400.71
49.18	4401.72
49.19	4402.73
49.2	4403.75
49.21	4404.76
49.22	4405.78
49.23	4406.79
49.24	4407.81
49.25	4408.83
49.26	4409.84
49.27	4410.86
49.28	4411.88
49.29	4412.91
49.3	4413.93
49.31	4414.95
49.32	4415.97
49.33	4417
49.34	4418.03
49.35	4419.05
49.36	4420.08
49.37	4421.11
49.38	4422.14
49.39	4423.17
49.4	4424.2
49.41	4425.23
49.42	4426.26
49.43	4427.3
49.44	4428.33
49.45	4429.37
49.46	4430.4
49.47	4431.44
49.48	4432.48
49.49	4433.52
49.5	4434.56
49.51	4435.6
49.52	4436.64
49.53	4437.68
49.54	4438.72
49.55	4439.77
49.56	4440.81
49.57	4441.86
49.58	4442.9
49.59	4443.95
49.6	4445
49.61	4446.05
49.62	4447.1
49.63	4448.15
49.64	4449.2
49.65	4450.25
49.66	4451.31
49.67	4452.36
49.68	4453.41
49.69	4454.47
49.7	4455.53
49.71	4456.58
49.72	4457.64
49.73	4458.7
49.74	4459.76
49.75	4460.82
49.76	4461.88
49.77	4462.94
49.78	4464.01
49.79	4465.07
49.8	4466.13
49.81	4467.2
49.82	4468.26
49.83	4469.33
49.84	4470.4
49.85	4471.47
49.86	4472.53
49.87	4473.6
49.88	4474.67
49.89	4475.75
49.9	4476.82
49.91	4477.89
49.92	4478.96
49.93	4480.04
49.94	4481.11
49.95	4482.19
49.96	4483.27
49.97	4484.34
49.98	4485.42
49.99	4486.5
50	4487.58
