E	sigma
0.01	325.664
0.02	306.867
0.03	290.147
0.04	275.36
0.05	262.374
0.06	251.069
0.07	241.334
0.08	233.063
0.09	226.163
0.1	220.544
0.11	216.124
0.12	212.827
0.13	210.581
0.14	209.322
0.15	208.986
0.16	209.517
0.17	210.861
0.18	212.968
0.19	215.792
0.2	219.287
0.21	223.414
0.22	228.134
0.23	233.411
0.24	239.21
0.25	245.501
0.26	252.253
0.27	259.438
0.28	267.03
0.29	275.005
0.3	283.337
0.31	292.006
0.32	300.992
0.33	310.273
0.34	319.832
0.35	329.652
0.36	339.715
0.37	350.008
0.38	360.514
0.39	371.22
0.4	382.114
0.41	393.183
0.42	404.415
0.43	415.799
0.44	427.325
0.45	438.984
0.46	450.765
0.47	462.661
0.48	474.664
0.49	486.764
0.5	498.956
0.51	511.232
0.52	523.586
0.53	536.012
0.54	548.503
0.55	561.056
0.56	573.663
0.57	586.321
0.58	599.026
0.59	611.772
0.6	624.556
0.61	637.375
0.62	650.225
0.63	663.102
0.64	676.004
0.65	688.927
0.66	701.87
0.67	714.83
0.68	727.804
0.69	740.791
0.7	753.788
0.71	766.795
0.72	779.809
0.73	792.828
0.74	805.852
0.75	818.88
0.76	831.91
0.77	844.941
0.78	857.974
0.79	871.006
0.8	884.037
0.81	897.068
0.82	910.097
0.83	923.124
0.84	936.149
0.85	949.172
0.86	962.193
0.87	975.211
0.88	988.228
0.89	1001.24
0.9	1014.26
0.91	1027.27
0.92	1040.28
0.93	1053.29
0.94	1066.3
0.95	1079.31
0.96	1092.32
0.97	1105.34
0.98	1118.36
0.99	1131.38
1	1144.4
1.01	1157.43
1.02	1170.46
1.03	1183.5
1.04	1196.55
1.05	1209.61
1.06	1222.68
1.07	1235.75
1.08	1248.84
1.09	1261.94
1.1	1275.05
1.11	1288.18
1.12	1301.33
1.13	1314.49
1.14	1327.67
1.15	1340.86
1.16	1354.08
1.17	1367.32
1.18	1380.58
1.19	1393.87
1.2	1407.18
1.21	1420.52
1.22	1433.88
1.23	1447.27
1.24	1460.69
1.25	1474.15
1.26	1487.63
1.27	1501.15
1.28	1514.7
1.29	1528.29
1.3	1541.91
1.31	1555.57
1.32	1569.27
1.33	1583.01
1.34	1596.79
1.35	1610.61
1.36	1624.47
1.37	1638.38
1.38	1652.34
1.39	1666.34
1.4	1680.38
1.41	1694.47
1.42	1708.62
1.43	1722.81
1.44	1737.05
1.45	1751.34
1.46	1765.68
1.47	1780.08
1.48	1794.53
1.49	1809.03
1.5	1823.59
1.51	1838.2
1.52	1852.87
1.53	1867.59
1.54	1882.37
1.55	1897.21
1.56	1912.1
1.57	1927.05
1.58	1942.06
1.59	1957.12
1.6	1972.24
1.61	1987.42
1.62	2002.66
1.63	2017.96
1.64	2033.32
1.65	2048.73
1.66	2064.2
1.67	2079.73
1.68	2095.31
1.69	2110.95
1.7	2126.65
1.71	2142.41
1.72	2158.21
1.73	2174.08
1.74	2190
1.75	2205.97
1.76	2222
1.77	2238.08
1.78	2254.21
1.79	2270.39
1.8	2286.62
1.81	2302.89
1.82	2319.22
1.83	2335.59
1.84	2352.01
1.85	2368.47
1.86	2384.97
1.87	2401.52
1.88	2418.1
1.89	2434.73
1.9	2451.39
1.91	2468.08
1.92	2484.81
1.93	2501.57
1.94	2518.36
1.95	2535.18
1.96	2552.03
1.97	2568.9
1.98	2585.79
1.99	2602.71
2	2619.64
2.01	2636.59
2.02	2653.55
2.03	2670.53
2.04	2687.52
2.05	2704.52
2.06	2721.52
2.07	2738.52
2.08	2755.53
2.09	2772.54
2.1	2789.54
2.11	2806.53
2.12	2823.52
2.13	2840.5
2.14	2857.46
2.15	2874.41
2.16	2891.34
2.17	2908.25
2.18	2925.13
2.19	2941.99
2.2	2958.82
2.21	2975.62
2.22	2992.38
2.23	3009.11
2.24	3025.8
2.25	3042.45
2.26	3059.05
2.27	3075.61
2.28	3092.11
2.29	3108.57
2.3	3124.97
2.31	3141.31
2.32	3157.59
2.33	3173.81
2.34	3189.96
2.35	3206.05
2.36	3222.06
2.37	3238.01
2.38	3253.88
2.39	3269.67
2.4	3285.38
2.41	3301
2.42	3316.55
2.43	3332
2.44	3347.37
2.45	3362.64
2.46	3377.82
2.47	3392.9
2.48	3407.89
2.49	3422.77
2.5	3437.55
2.51	3452.23
2.52	3466.8
2.53	3481.26
2.54	3495.61
2.55	3509.85
2.56	3523.97
2.57	3537.97
2.58	3551.86
2.59	3565.63
2.6	3579.28
2.61	3592.8
2.62	3606.2
2.63	3619.47
2.64	3632.62
2.65	3645.63
2.66	3658.52
2.67	3671.27
2.68	3683.9
2.69	3696.38
2.7	3708.73
2.71	3720.95
2.72	3733.03
2.73	3744.97
2.74	3756.77
2.75	3768.43
2.76	3779.95
2.77	3791.32
2.78	3802.56
2.79	3813.65
2.8	3824.59
2.81	3835.4
2.82	3846.05
2.83	3856.56
2.84	3866.93
2.85	3877.15
2.86	3887.22
2.87	3897.14
2.88	3906.92
2.89	3916.55
2.9	3926.03
2.91	3935.37
2.92	3944.55
2.93	3953.59
2.94	3962.48
2.95	3971.22
2.96	3979.82
2.97	3988.26
2.98	3996.56
2.99	4004.71
3	4012.71
3.01	4020.57
3.02	4028.28
3.03	4035.85
3.04	4043.26
3.05	4050.54
3.06	4057.67
3.07	4064.65
3.08	4071.49
3.09	4078.18
3.1	4084.74
3.11	4091.15
3.12	4097.42
3.13	4103.54
3.14	4109.53
3.15	4115.38
3.16	4121.09
3.17	4126.66
3.18	4132.09
3.19	4137.39
3.2	4142.55
3.21	4147.58
3.22	4152.47
3.23	4157.23
3.24	4161.86
3.25	4166.35
3.26	4170.71
3.27	4174.95
3.28	4179.05
3.29	4183.03
3.3	4186.88
3.31	4190.61
3.32	4194.21
3.33	4197.69
3.34	4201.04
3.35	4204.27
3.36	4207.38
3.37	4210.38
3.38	4213.25
3.39	4216
3.4	4218.64
3.41	4221.16
3.42	4223.57
3.43	4225.87
3.44	4228.05
3.45	4230.12
3.46	4232.08
3.47	4233.94
3.48	4235.68
3.49	4237.32
3.5	4238.85
3.51	4240.28
3.52	4241.6
3.53	4242.82
3.54	4243.94
3.55	4244.96
3.56	4245.88
3.57	4246.7
3.58	4247.43
3.59	4248.05
3.6	4248.59
3.61	4249.03
3.62	4249.37
3.63	4249.63
3.64	4249.79
3.65	4249.87
3.66	4249.85
3.67	4249.75
3.68	4249.56
3.69	4249.29
3.7	4248.93
3.71	4248.49
3.72	4247.97
3.73	4247.36
3.74	4246.68
3.75	4245.91
3.76	4245.07
3.77	4244.15
3.78	4243.15
3.79	4242.08
3.8	4240.93
3.81	4239.71
3.82	4238.42
3.83	4237.06
3.84	4235.63
3.85	4234.12
3.86	4232.55
3.87	4230.91
3.88	4229.2
3.89	4227.43
3.9	4225.59
3.91	4223.69
3.92	4221.73
3.93	4219.7
3.94	4217.61
3.95	4215.46
3.96	4213.25
3.97	4210.98
3.98	4208.66
3.99	4206.27
4	4203.83
4.01	4201.34
4.02	4198.79
4.03	4196.18
4.04	4193.53
4.05	4190.82
4.06	4188.06
4.07	4185.24
4.08	4182.38
4.09	4179.47
4.1	4176.51
4.11	4173.5
4.12	4170.45
4.13	4167.35
4.14	4164.2
4.15	4161.01
4.16	4157.77
4.17	4154.49
4.18	4151.17
4.19	4147.8
4.2	4144.4
4.21	4140.95
4.22	4137.46
4.23	4133.94
4.24	4130.37
4.25	4126.77
4.26	4123.12
4.27	4119.45
4.28	4115.73
4.29	4111.98
4.3	4108.19
4.31	4104.37
4.32	4100.52
4.33	4096.63
4.34	4092.71
4.35	4088.76
4.36	4084.78
4.37	4080.76
4.38	4076.71
4.39	4072.64
4.4	4068.53
4.41	4064.4
4.42	4060.24
4.43	4056.05
4.44	4051.83
4.45	4047.58
4.46	4043.31
4.47	4039.02
4.48	4034.7
4.49	4030.35
4.5	4025.98
4.51	4021.58
4.52	4017.17
4.53	4012.73
4.54	4008.26
4.55	4003.78
4.56	3999.27
4.57	3994.74
4.58	3990.2
4.59	3985.63
4.6	3981.04
4.61	3976.43
4.62	3971.81
4.63	3967.16
4.64	3962.5
4.65	3957.82
4.66	3953.13
4.67	3948.41
4.68	3943.68
4.69	3938.94
4.7	3934.18
4.71	3929.4
4.72	3924.61
4.73	3919.8
4.74	3914.98
4.75	3910.15
4.76	3905.31
4.77	3900.45
4.78	3895.58
4.79	3890.7
4.8	3885.8
4.81	3880.9
4.82	3875.98
4.83	3871.05
4.84	3866.11
4.85	3861.17
4.86	3856.21
4.87	3851.24
4.88	3846.27
4.89	3841.29
4.9	3836.3
4.91	3831.3
4.92	3826.29
4.93	3821.28
4.94	3816.26
4.95	3811.23
4.96	3806.2
4.97	3801.16
4.98	3796.12
4.99	3791.07
5	3786.02
5.01	3780.96
5.02	3775.9
5.03	3770.83
5.04	3765.76
5.05	3760.69
5.06	3755.61
5.07	3750.53
5.08	3745.45
5.09	3740.37
5.1	3735.29
5.11	3730.2
5.12	3725.12
5.13	3720.03
5.14	3714.95
5.15	3709.86
5.16	3704.77
5.17	3699.69
5.18	3694.6
5.19	3689.52
5.2	3684.44
5.21	3679.35
5.22	3674.28
5.23	3669.2
5.24	3664.13
5.25	3659.06
5.26	3653.99
5.27	3648.93
5.28	3643.87
5.29	3638.81
5.3	3633.76
5.31	3628.72
5.32	3623.68
5.33	3618.64
5.34	3613.61
5.35	3608.59
5.36	3603.57
5.37	3598.57
5.38	3593.56
5.39	3588.57
5.4	3583.58
5.41	3578.6
5.42	3573.63
5.43	3568.67
5.44	3563.72
5.45	3558.77
5.46	3553.84
5.47	3548.91
5.48	3544
5.49	3539.1
5.5	3534.2
5.51	3529.32
5.52	3524.45
5.53	3519.6
5.54	3514.75
5.55	3509.92
5.56	3505.1
5.57	3500.29
5.58	3495.5
5.59	3490.72
5.6	3485.96
5.61	3481.21
5.62	3476.48
5.63	3471.76
5.64	3467.06
5.65	3462.37
5.66	3457.7
5.67	3453.05
5.68	3448.42
5.69	3443.8
5.7	3439.2
5.71	3434.62
5.72	3430.06
5.73	3425.52
5.74	3420.99
5.75	3416.49
5.76	3412.01
5.77	3407.55
5.78	3403.11
5.79	3398.7
5.8	3394.3
5.81	3389.93
5.82	3385.58
5.83	3381.26
5.84	3376.96
5.85	3372.68
5.86	3368.43
5.87	3364.2
5.88	3360
5.89	3355.83
5.9	3351.68
5.91	3347.56
5.92	3343.47
5.93	3339.41
5.94	3335.38
5.95	3331.37
5.96	3327.4
5.97	3323.45
5.98	3319.54
5.99	3315.66
6	3311.81
6.01	3307.99
6.02	3304.21
6.03	3300.46
6.04	3296.74
6.05	3293.06
6.06	3289.42
6.07	3285.81
6.08	3282.24
6.09	3278.7
6.1	3275.21
6.11	3271.75
6.12	3268.33
6.13	3264.95
6.14	3261.61
6.15	3258.32
6.16	3255.06
6.17	3251.85
6.18	3248.68
6.19	3245.55
6.2	3242.47
6.21	3239.44
6.22	3236.45
6.23	3233.51
6.24	3230.61
6.25	3227.77
6.26	3224.97
6.27	3222.22
6.28	3219.53
6.29	3216.88
6.3	3214.29
6.31	3211.75
6.32	3209.27
6.33	3206.84
6.34	3204.46
6.35	3202.14
6.36	3199.88
6.37	3197.68
6.38	3195.54
6.39	3193.46
6.4	3191.44
6.41	3189.48
6.42	3187.58
6.43	3185.75
6.44	3183.98
6.45	3182.28
6.46	3180.65
6.47	3179.08
6.48	3177.58
6.49	3176.15
6.5	3174.8
6.51	3173.51
6.52	3172.3
6.53	3171.17
6.54	3170.1
6.55	3169.12
6.56	3168.21
6.57	3167.38
6.58	3166.63
6.59	3165.97
6.6	3165.38
6.61	3164.88
6.62	3164.46
6.63	3164.13
6.64	3163.89
6.65	3163.73
6.66	3163.66
6.67	3163.69
6.68	3163.8
6.69	3164.01
6.7	3164.32
6.71	3164.72
6.72	3165.22
6.73	3165.81
6.74	3166.51
6.75	3167.31
6.76	3168.21
6.77	3169.21
6.78	3170.32
6.79	3171.54
6.8	3172.86
6.81	3174.3
6.82	3175.84
6.83	3177.5
6.84	3179.27
6.85	3181.16
6.86	3183.16
6.87	3185.28
6.88	3187.52
6.89	3189.89
6.9	3192.37
6.91	3194.98
6.92	3197.71
6.93	3200.57
6.94	3203.56
6.95	3206.68
6.96	3209.93
6.97	3213.31
6.98	3216.82
6.99	3220.47
7	3224.26
7.01	3228.19
7.02	3232.25
7.03	3236.46
7.04	3240.81
7.05	3245.3
7.06	3249.93
7.07	3254.72
7.08	3259.65
7.09	3264.73
7.1	3269.95
7.11	3275.34
7.12	3280.87
7.13	3286.55
7.14	3292.4
7.15	3298.39
7.16	3304.55
7.17	3310.86
7.18	3317.33
7.19	3323.96
7.2	3330.75
7.21	3337.7
7.22	3344.82
7.23	3352.09
7.24	3359.54
7.25	3367.14
7.26	3374.91
7.27	3382.85
7.28	3390.95
7.29	3399.22
7.3	3407.66
7.31	3416.26
7.32	3425.03
7.33	3433.97
7.34	3443.07
7.35	3452.34
7.36	3461.78
7.37	3471.38
7.38	3481.15
7.39	3491.09
7.4	3501.19
7.41	3511.46
7.42	3521.88
7.43	3532.47
7.44	3543.23
7.45	3554.14
7.46	3565.21
7.47	3576.44
7.48	3587.83
7.49	3599.37
7.5	3611.06
7.51	3622.9
7.52	3634.89
7.53	3647.03
7.54	3659.31
7.55	3671.74
7.56	3684.3
7.57	3697
7.58	3709.83
7.59	3722.79
7.6	3735.88
7.61	3749.09
7.62	3762.42
7.63	3775.87
7.64	3789.43
7.65	3803.09
7.66	3816.86
7.67	3830.73
7.68	3844.7
7.69	3858.75
7.7	3872.89
7.71	3887.11
7.72	3901.4
7.73	3915.77
7.74	3930.19
7.75	3944.68
7.76	3959.22
7.77	3973.8
7.78	3988.43
7.79	4003.09
7.8	4017.78
7.81	4032.48
7.82	4047.21
7.83	4061.94
7.84	4076.67
7.85	4091.4
7.86	4106.12
7.87	4120.81
7.88	4135.48
7.89	4150.11
7.9	4164.71
7.91	4179.25
7.92	4193.73
7.93	4208.16
7.94	4222.51
7.95	4236.78
7.96	4250.97
7.97	4265.06
7.98	4279.04
7.99	4292.92
8	4306.68
8.01	4320.32
8.02	4333.82
8.03	4347.19
8.04	4360.41
8.05	4373.47
8.06	4386.37
8.07	4399.1
8.08	4411.65
8.09	4424.02
8.1	4436.2
8.11	4448.19
8.12	4459.97
8.13	4471.54
8.14	4482.89
8.15	4494.02
8.16	4504.93
8.17	4515.6
8.18	4526.02
8.19	4536.21
8.2	4546.14
8.21	4555.82
8.22	4565.23
8.23	4574.38
8.24	4583.26
8.25	4591.87
8.26	4600.2
8.27	4608.25
8.28	4616.01
8.29	4623.49
8.3	4630.67
8.31	4637.56
8.32	4644.15
8.33	4650.45
8.34	4656.44
8.35	4662.13
8.36	4667.52
8.37	4672.6
8.38	4677.38
8.39	4681.85
8.4	4686.01
8.41	4689.86
8.42	4693.41
8.43	4696.65
8.44	4699.58
8.45	4702.2
8.46	4704.52
8.47	4706.53
8.48	4708.24
8.49	4709.65
8.5	4710.75
8.51	4711.56
8.52	4712.07
8.53	4712.29
8.54	4712.22
8.55	4711.85
8.56	4711.2
8.57	4710.27
8.58	4709.05
8.59	4707.56
8.6	4705.79
8.61	4703.76
8.62	4701.45
8.63	4698.88
8.64	4696.05
8.65	4692.97
8.66	4689.63
8.67	4686.05
8.68	4682.22
8.69	4678.15
8.7	4673.85
8.71	4669.32
8.72	4664.56
8.73	4659.57
8.74	4654.37
8.75	4648.96
8.76	4643.34
8.77	4637.51
8.78	4631.48
8.79	4625.26
8.8	4618.85
8.81	4612.25
8.82	4605.47
8.83	4598.52
8.84	4591.39
8.85	4584.1
8.86	4576.64
8.87	4569.02
8.88	4561.25
8.89	4553.34
8.9	4545.27
8.91	4537.07
8.92	4528.73
8.93	4520.25
8.94	4511.65
8.95	4502.93
8.96	4494.08
8.97	4485.13
8.98	4476.06
8.99	4466.88
9	4457.6
9.01	4448.22
9.02	4438.75
9.03	4429.18
9.04	4419.53
9.05	4409.79
9.06	4399.98
9.07	4390.08
9.08	4380.11
9.09	4370.08
9.1	4359.97
9.11	4349.8
9.12	4339.57
9.13	4329.29
9.14	4318.95
9.15	4308.56
9.16	4298.12
9.17	4287.64
9.18	4277.11
9.19	4266.55
9.2	4255.95
9.21	4245.31
9.22	4234.64
9.23	4223.95
9.24	4213.22
9.25	4202.48
9.26	4191.71
9.27	4180.92
9.28	4170.11
9.29	4159.29
9.3	4148.45
9.31	4137.61
9.32	4126.75
9.33	4115.89
9.34	4105.02
9.35	4094.15
9.36	4083.27
9.37	4072.4
9.38	4061.53
9.39	4050.66
9.4	4039.79
9.41	4028.93
9.42	4018.08
9.43	4007.24
9.44	3996.41
9.45	3985.59
9.46	3974.78
9.47	3963.99
9.48	3953.21
9.49	3942.45
9.5	3931.7
9.51	3920.98
9.52	3910.27
9.53	3899.59
9.54	3888.92
9.55	3878.28
9.56	3867.67
9.57	3857.07
9.58	3846.51
9.59	3835.97
9.6	3825.45
9.61	3814.96
9.62	3804.5
9.63	3794.07
9.64	3783.67
9.65	3773.3
9.66	3762.96
9.67	3752.66
9.68	3742.38
9.69	3732.13
9.7	3721.92
9.71	3711.74
9.72	3701.6
9.73	3691.49
9.74	3681.41
9.75	3671.37
9.76	3661.37
9.77	3651.39
9.78	3641.46
9.79	3631.56
9.8	3621.7
9.81	3611.88
9.82	3602.09
9.83	3592.34
9.84	3582.62
9.85	3572.95
9.86	3563.31
9.87	3553.71
9.88	3544.15
9.89	3534.63
9.9	3525.14
9.91	3515.7
9.92	3506.29
9.93	3496.92
9.94	3487.59
9.95	3478.3
9.96	3469.05
9.97	3459.84
9.98	3450.66
9.99	3441.53
10	3432.43
10.01	3423.38
10.02	3414.36
10.03	3405.38
10.04	3396.44
10.05	3387.55
10.06	3378.69
10.07	3369.87
10.08	3361.08
10.09	3352.34
10.1	3343.64
10.11	3334.97
10.12	3326.35
10.13	3317.76
10.14	3309.21
10.15	3300.7
10.16	3292.23
10.17	3283.8
10.18	3275.41
10.19	3267.05
10.2	3258.73
10.21	3250.45
10.22	3242.21
10.23	3234.01
10.24	3225.84
10.25	3217.72
10.26	3209.63
10.27	3201.57
10.28	3193.56
10.29	3185.58
10.3	3177.64
10.31	3169.73
10.32	3161.86
10.33	3154.03
10.34	3146.24
10.35	3138.48
10.36	3130.76
10.37	3123.07
10.38	3115.42
10.39	3107.81
10.4	3100.23
10.41	3092.68
10.42	3085.17
10.43	3077.7
10.44	3070.26
10.45	3062.86
10.46	3055.49
10.47	3048.16
10.48	3040.86
10.49	3033.59
10.5	3026.36
10.51	3019.16
10.52	3011.99
10.53	3004.86
10.54	2997.77
10.55	2990.7
10.56	2983.67
10.57	2976.67
10.58	2969.71
10.59	2962.77
10.6	2955.87
10.61	2949
10.62	2942.17
10.63	2935.36
10.64	2928.59
10.65	2921.84
10.66	2915.13
10.67	2908.46
10.68	2901.81
10.69	2895.19
10.7	2888.6
10.71	2882.05
10.72	2875.52
10.73	2869.03
10.74	2862.56
10.75	2856.12
10.76	2849.72
10.77	2843.34
10.78	2837
10.79	2830.68
10.8	2824.39
10.81	2818.13
10.82	2811.9
10.83	2805.7
10.84	2799.52
10.85	2793.38
10.86	2787.26
10.87	2781.17
10.88	2775.11
10.89	2769.08
10.9	2763.07
10.91	2757.09
10.92	2751.14
10.93	2745.21
10.94	2739.32
10.95	2733.45
10.96	2727.6
10.97	2721.78
10.98	2715.99
10.99	2710.23
11	2704.49
11.01	2698.77
11.02	2693.09
11.03	2687.43
11.04	2681.79
11.05	2676.18
11.06	2670.59
11.07	2665.03
11.08	2659.5
11.09	2653.98
11.1	2648.5
11.11	2643.04
11.12	2637.6
11.13	2632.19
11.14	2626.8
11.15	2621.43
11.16	2616.09
11.17	2610.77
11.18	2605.48
11.19	2600.21
11.2	2594.96
11.21	2589.74
11.22	2584.54
11.23	2579.36
11.24	2574.21
11.25	2569.07
11.26	2563.96
11.27	2558.88
11.28	2553.81
11.29	2548.77
11.3	2543.75
11.31	2538.75
11.32	2533.77
11.33	2528.82
11.34	2523.89
11.35	2518.98
11.36	2514.09
11.37	2509.22
11.38	2504.37
11.39	2499.54
11.4	2494.74
11.41	2489.95
11.42	2485.19
11.43	2480.45
11.44	2475.72
11.45	2471.02
11.46	2466.34
11.47	2461.68
11.48	2457.04
11.49	2452.42
11.5	2447.81
11.51	2443.23
11.52	2438.67
11.53	2434.13
11.54	2429.61
11.55	2425.1
11.56	2420.62
11.57	2416.16
11.58	2411.71
11.59	2407.28
11.6	2402.88
11.61	2398.49
11.62	2394.12
11.63	2389.77
11.64	2385.43
11.65	2381.12
11.66	2376.82
11.67	2372.55
11.68	2368.29
11.69	2364.05
11.7	2359.82
11.71	2355.62
11.72	2351.43
11.73	2347.26
11.74	2343.11
11.75	2338.98
11.76	2334.86
11.77	2330.76
11.78	2326.68
11.79	2322.62
11.8	2318.57
11.81	2314.54
11.82	2310.53
11.83	2306.53
11.84	2302.56
11.85	2298.59
11.86	2294.65
11.87	2290.72
11.88	2286.81
11.89	2282.91
11.9	2279.03
11.91	2275.17
11.92	2271.33
11.93	2267.5
11.94	2263.68
11.95	2259.89
11.96	2256.1
11.97	2252.34
11.98	2248.59
11.99	2244.86
12	2241.14
12.01	2237.44
12.02	2233.75
12.03	2230.08
12.04	2226.42
12.05	2222.78
12.06	2219.16
12.07	2215.55
12.08	2211.95
12.09	2208.37
12.1	2204.81
12.11	2201.26
12.12	2197.73
12.13	2194.21
12.14	2190.7
12.15	2187.22
12.16	2183.74
12.17	2180.28
12.18	2176.84
12.19	2173.41
12.2	2169.99
12.21	2166.59
12.22	2163.2
12.23	2159.83
12.24	2156.47
12.25	2153.12
12.26	2149.79
12.27	2146.48
12.28	2143.18
12.29	2139.89
12.3	2136.61
12.31	2133.35
12.32	2130.11
12.33	2126.88
12.34	2123.66
12.35	2120.45
12.36	2117.26
12.37	2114.08
12.38	2110.92
12.39	2107.77
12.4	2104.63
12.41	2101.51
12.42	2098.4
12.43	2095.3
12.44	2092.22
12.45	2089.15
12.46	2086.09
12.47	2083.05
12.48	2080.01
12.49	2077
12.5	2073.99
12.51	2071
12.52	2068.02
12.53	2065.05
12.54	2062.1
12.55	2059.16
12.56	2056.23
12.57	2053.32
12.58	2050.41
12.59	2047.52
12.6	2044.65
12.61	2041.78
12.62	2038.93
12.63	2036.09
12.64	2033.26
12.65	2030.45
12.66	2027.64
12.67	2024.85
12.68	2022.07
12.69	2019.31
12.7	2016.55
12.71	2013.81
12.72	2011.08
12.73	2008.36
12.74	2005.66
12.75	2002.96
12.76	2000.28
12.77	1997.61
12.78	1994.95
12.79	1992.31
12.8	1989.67
12.81	1987.05
12.82	1984.44
12.83	1981.84
12.84	1979.25
12.85	1976.68
12.86	1974.11
12.87	1971.56
12.88	1969.02
12.89	1966.49
12.9	1963.97
12.91	1961.47
12.92	1958.97
12.93	1956.49
12.94	1954.01
12.95	1951.55
12.96	1949.1
12.97	1946.66
12.98	1944.24
12.99	1941.82
13	1939.41
13.01	1937.02
13.02	1934.64
13.03	1932.27
13.04	1929.9
13.05	1927.55
13.06	1925.22
13.07	1922.89
13.08	1920.57
13.09	1918.26
13.1	1915.97
13.11	1913.68
13.12	1911.41
13.13	1909.15
13.14	1906.89
13.15	1904.65
13.16	1902.42
13.17	1900.2
13.18	1897.99
13.19	1895.79
13.2	1893.61
13.21	1891.43
13.22	1889.26
13.23	1887.1
13.24	1884.96
13.25	1882.82
13.26	1880.7
13.27	1878.58
13.28	1876.48
13.29	1874.38
13.3	1872.3
13.31	1870.23
13.32	1868.16
13.33	1866.11
13.34	1864.07
13.35	1862.04
13.36	1860.01
13.37	1858
13.38	1856
13.39	1854.01
13.4	1852.03
13.41	1850.06
13.42	1848.09
13.43	1846.14
13.44	1844.2
13.45	1842.27
13.46	1840.35
13.47	1838.44
13.48	1836.54
13.49	1834.64
13.5	1832.76
13.51	1830.89
13.52	1829.03
13.53	1827.18
13.54	1825.33
13.55	1823.5
13.56	1821.68
13.57	1819.86
13.58	1818.06
13.59	1816.27
13.6	1814.48
13.61	1812.71
13.62	1810.94
13.63	1809.19
13.64	1807.44
13.65	1805.71
13.66	1803.98
13.67	1802.27
13.68	1800.56
13.69	1798.86
13.7	1797.17
13.71	1795.49
13.72	1793.82
13.73	1792.16
13.74	1790.51
13.75	1788.87
13.76	1787.24
13.77	1785.62
13.78	1784.01
13.79	1782.4
13.8	1780.81
13.81	1779.22
13.82	1777.65
13.83	1776.08
13.84	1774.52
13.85	1772.98
13.86	1771.44
13.87	1769.91
13.88	1768.39
13.89	1766.88
13.9	1765.37
13.91	1763.88
13.92	1762.4
13.93	1760.92
13.94	1759.46
13.95	1758
13.96	1756.55
13.97	1755.11
13.98	1753.68
13.99	1752.26
14	1750.85
14.01	1749.45
14.02	1748.06
14.03	1746.67
14.04	1745.3
14.05	1743.93
14.06	1742.57
14.07	1741.22
14.08	1739.88
14.09	1738.55
14.1	1737.23
14.11	1735.91
14.12	1734.61
14.13	1733.31
14.14	1732.02
14.15	1730.75
14.16	1729.48
14.17	1728.21
14.18	1726.96
14.19	1725.72
14.2	1724.48
14.21	1723.26
14.22	1722.04
14.23	1720.83
14.24	1719.63
14.25	1718.44
14.26	1717.25
14.27	1716.08
14.28	1714.91
14.29	1713.76
14.3	1712.61
14.31	1711.47
14.32	1710.33
14.33	1709.21
14.34	1708.09
14.35	1706.99
14.36	1705.89
14.37	1704.8
14.38	1703.72
14.39	1702.65
14.4	1701.58
14.41	1700.53
14.42	1699.48
14.43	1698.44
14.44	1697.41
14.45	1696.39
14.46	1695.37
14.47	1694.36
14.48	1693.37
14.49	1692.38
14.5	1691.4
14.51	1690.42
14.52	1689.46
14.53	1688.5
14.54	1687.55
14.55	1686.61
14.56	1685.68
14.57	1684.76
14.58	1683.84
14.59	1682.94
14.6	1682.04
14.61	1681.15
14.62	1680.26
14.63	1679.39
14.64	1678.52
14.65	1677.66
14.66	1676.81
14.67	1675.97
14.68	1675.14
14.69	1674.31
14.7	1673.49
14.71	1672.68
14.72	1671.88
14.73	1671.08
14.74	1670.3
14.75	1669.52
14.76	1668.75
14.77	1667.99
14.78	1667.23
14.79	1666.48
14.8	1665.75
14.81	1665.02
14.82	1664.29
14.83	1663.58
14.84	1662.87
14.85	1662.17
14.86	1661.48
14.87	1660.79
14.88	1660.12
14.89	1659.45
14.9	1658.79
14.91	1658.14
14.92	1657.49
14.93	1656.85
14.94	1656.23
14.95	1655.6
14.96	1654.99
14.97	1654.38
14.98	1653.78
14.99	1653.19
15	1652.61
15.01	1652.03
15.02	1651.47
15.03	1650.91
15.04	1650.35
15.05	1649.81
15.06	1649.27
15.07	1648.74
15.08	1648.22
15.09	1647.7
15.1	1647.19
15.11	1646.7
15.12	1646.2
15.13	1645.72
15.14	1645.24
15.15	1644.77
15.16	1644.31
15.17	1643.85
15.18	1643.41
15.19	1642.97
15.2	1642.53
15.21	1642.11
15.22	1641.69
15.23	1641.28
15.24	1640.88
15.25	1640.48
15.26	1640.09
15.27	1639.71
15.28	1639.34
15.29	1638.97
15.3	1638.61
15.31	1638.26
15.32	1637.91
15.33	1637.58
15.34	1637.25
15.35	1636.92
15.36	1636.61
15.37	1636.3
15.38	1636
15.39	1635.7
15.4	1635.42
15.41	1635.14
15.42	1634.87
15.43	1634.6
15.44	1634.34
15.45	1634.09
15.46	1633.85
15.47	1633.61
15.48	1633.38
15.49	1633.16
15.5	1632.94
15.51	1632.73
15.52	1632.53
15.53	1632.34
15.54	1632.15
15.55	1631.97
15.56	1631.79
15.57	1631.63
15.58	1631.47
15.59	1631.32
15.6	1631.17
15.61	1631.03
15.62	1630.9
15.63	1630.77
15.64	1630.66
15.65	1630.54
15.66	1630.44
15.67	1630.34
15.68	1630.25
15.69	1630.17
15.7	1630.09
15.71	1630.02
15.72	1629.95
15.73	1629.9
15.74	1629.85
15.75	1629.8
15.76	1629.77
15.77	1629.74
15.78	1629.71
15.79	1629.7
15.8	1629.69
15.81	1629.68
15.82	1629.69
15.83	1629.7
15.84	1629.71
15.85	1629.74
15.86	1629.77
15.87	1629.8
15.88	1629.85
15.89	1629.9
15.9	1629.95
15.91	1630.01
15.92	1630.08
15.93	1630.16
15.94	1630.24
15.95	1630.33
15.96	1630.42
15.97	1630.52
15.98	1630.63
15.99	1630.75
16	1630.87
16.01	1630.99
16.02	1631.13
16.03	1631.27
16.04	1631.41
16.05	1631.57
16.06	1631.72
16.07	1631.89
16.08	1632.06
16.09	1632.24
16.1	1632.42
16.11	1632.61
16.12	1632.81
16.13	1633.01
16.14	1633.22
16.15	1633.43
16.16	1633.65
16.17	1633.88
16.18	1634.11
16.19	1634.35
16.2	1634.6
16.21	1634.85
16.22	1635.11
16.23	1635.37
16.24	1635.64
16.25	1635.92
16.26	1636.2
16.27	1636.49
16.28	1636.78
16.29	1637.08
16.3	1637.38
16.31	1637.7
16.32	1638.01
16.33	1638.34
16.34	1638.67
16.35	1639
16.36	1639.34
16.37	1639.69
16.38	1640.04
16.39	1640.4
16.4	1640.76
16.41	1641.13
16.42	1641.51
16.43	1641.89
16.44	1642.28
16.45	1642.67
16.46	1643.07
16.47	1643.47
16.48	1643.88
16.49	1644.3
16.5	1644.72
16.51	1645.15
16.52	1645.58
16.53	1646.02
16.54	1646.46
16.55	1646.91
16.56	1647.36
16.57	1647.82
16.58	1648.29
16.59	1648.76
16.6	1649.24
16.61	1649.72
16.62	1650.21
16.63	1650.7
16.64	1651.2
16.65	1651.7
16.66	1652.21
16.67	1652.72
16.68	1653.24
16.69	1653.77
16.7	1654.3
16.71	1654.83
16.72	1655.37
16.73	1655.92
16.74	1656.47
16.75	1657.03
16.76	1657.59
16.77	1658.16
16.78	1658.73
16.79	1659.3
16.8	1659.89
16.81	1660.47
16.82	1661.07
16.83	1661.66
16.84	1662.26
16.85	1662.87
16.86	1663.48
16.87	1664.1
16.88	1664.72
16.89	1665.35
16.9	1665.98
16.91	1666.62
16.92	1667.26
16.93	1667.91
16.94	1668.56
16.95	1669.21
16.96	1669.87
16.97	1670.54
16.98	1671.21
16.99	1671.89
17	1672.57
17.01	1673.25
17.02	1673.94
17.03	1674.63
17.04	1675.33
17.05	1676.04
17.06	1676.74
17.07	1677.46
17.08	1678.17
17.09	1678.89
17.1	1679.62
17.11	1680.35
17.12	1681.09
17.13	1681.83
17.14	1682.57
17.15	1683.32
17.16	1684.07
17.17	1684.83
17.18	1685.59
17.19	1686.35
17.2	1687.12
17.21	1687.9
17.22	1688.68
17.23	1689.46
17.24	1690.25
17.25	1691.04
17.26	1691.83
17.27	1692.63
17.28	1693.44
17.29	1694.25
17.3	1695.06
17.31	1695.87
17.32	1696.69
17.33	1697.52
17.34	1698.35
17.35	1699.18
17.36	1700.02
17.37	1700.86
17.38	1701.7
17.39	1702.55
17.4	1703.4
17.41	1704.26
17.42	1705.12
17.43	1705.98
17.44	1706.85
17.45	1707.72
17.46	1708.59
17.47	1709.47
17.48	1710.35
17.49	1711.24
17.5	1712.13
17.51	1713.02
17.52	1713.92
17.53	1714.82
17.54	1715.73
17.55	1716.63
17.56	1717.54
17.57	1718.46
17.58	1719.38
17.59	1720.3
17.6	1721.22
17.61	1722.15
17.62	1723.09
17.63	1724.02
17.64	1724.96
17.65	1725.9
17.66	1726.85
17.67	1727.8
17.68	1728.75
17.69	1729.7
17.7	1730.66
17.71	1731.62
17.72	1732.59
17.73	1733.56
17.74	1734.53
17.75	1735.5
17.76	1736.48
17.77	1737.46
17.78	1738.45
17.79	1739.43
17.8	1740.42
17.81	1741.41
17.82	1742.41
17.83	1743.41
17.84	1744.41
17.85	1745.41
17.86	1746.42
17.87	1747.43
17.88	1748.44
17.89	1749.46
17.9	1750.48
17.91	1751.5
17.92	1752.52
17.93	1753.55
17.94	1754.58
17.95	1755.61
17.96	1756.65
17.97	1757.68
17.98	1758.72
17.99	1759.76
18	1760.81
18.01	1761.86
18.02	1762.91
18.03	1763.96
18.04	1765.01
18.05	1766.07
18.06	1767.13
18.07	1768.19
18.08	1769.26
18.09	1770.32
18.1	1771.39
18.11	1772.46
18.12	1773.54
18.13	1774.61
18.14	1775.69
18.15	1776.77
18.16	1777.85
18.17	1778.94
18.18	1780.03
18.19	1781.11
18.2	1782.21
18.21	1783.3
18.22	1784.39
18.23	1785.49
18.24	1786.59
18.25	1787.69
18.26	1788.79
18.27	1789.9
18.28	1791
18.29	1792.11
18.3	1793.22
18.31	1794.34
18.32	1795.45
18.33	1796.57
18.34	1797.68
18.35	1798.8
18.36	1799.92
18.37	1801.05
18.38	1802.17
18.39	1803.3
18.4	1804.43
18.41	1805.55
18.42	1806.69
18.43	1807.82
18.44	1808.95
18.45	1810.09
18.46	1811.22
18.47	1812.36
18.48	1813.5
18.49	1814.64
18.5	1815.79
18.51	1816.93
18.52	1818.08
18.53	1819.22
18.54	1820.37
18.55	1821.52
18.56	1822.67
18.57	1823.82
18.58	1824.98
18.59	1826.13
18.6	1827.29
18.61	1828.44
18.62	1829.6
18.63	1830.76
18.64	1831.92
18.65	1833.08
18.66	1834.24
18.67	1835.41
18.68	1836.57
18.69	1837.73
18.7	1838.9
18.71	1840.07
18.72	1841.24
18.73	1842.4
18.74	1843.57
18.75	1844.74
18.76	1845.92
18.77	1847.09
18.78	1848.26
18.79	1849.43
18.8	1850.61
18.81	1851.78
18.82	1852.96
18.83	1854.14
18.84	1855.31
18.85	1856.49
18.86	1857.67
18.87	1858.85
18.88	1860.03
18.89	1861.21
18.9	1862.39
18.91	1863.57
18.92	1864.75
18.93	1865.94
18.94	1867.12
18.95	1868.3
18.96	1869.49
18.97	1870.67
18.98	1871.85
18.99	1873.04
19	1874.22
19.01	1875.41
19.02	1876.6
19.03	1877.78
19.04	1878.97
19.05	1880.15
19.06	1881.34
19.07	1882.53
19.08	1883.71
19.09	1884.9
19.1	1886.09
19.11	1887.28
19.12	1888.46
19.13	1889.65
19.14	1890.84
19.15	1892.03
19.16	1893.22
19.17	1894.4
19.18	1895.59
19.19	1896.78
19.2	1897.97
19.21	1899.16
19.22	1900.34
19.23	1901.53
19.24	1902.72
19.25	1903.91
19.26	1905.09
19.27	1906.28
19.28	1907.47
19.29	1908.65
19.3	1909.84
19.31	1911.03
19.32	1912.21
19.33	1913.4
19.34	1914.59
19.35	1915.77
19.36	1916.96
19.37	1918.14
19.38	1919.32
19.39	1920.51
19.4	1921.69
19.41	1922.87
19.42	1924.06
19.43	1925.24
19.44	1926.42
19.45	1927.6
19.46	1928.78
19.47	1929.96
19.48	1931.14
19.49	1932.32
19.5	1933.5
19.51	1934.68
19.52	1935.86
19.53	1937.03
19.54	1938.21
19.55	1939.39
19.56	1940.56
19.57	1941.74
19.58	1942.91
19.59	1944.08
19.6	1945.25
19.61	1946.43
19.62	1947.6
19.63	1948.77
19.64	1949.94
19.65	1951.11
19.66	1952.27
19.67	1953.44
19.68	1954.61
19.69	1955.77
19.7	1956.94
19.71	1958.1
19.72	1959.26
19.73	1960.43
19.74	1961.59
19.75	1962.75
19.76	1963.91
19.77	1965.07
19.78	1966.22
19.79	1967.38
19.8	1968.54
19.81	1969.69
19.82	1970.84
19.83	1972
19.84	1973.15
19.85	1974.3
19.86	1975.45
19.87	1976.6
19.88	1977.74
19.89	1978.89
19.9	1980.04
19.91	1981.18
19.92	1982.32
19.93	1983.46
19.94	1984.61
19.95	1985.75
19.96	1986.88
19.97	1988.02
19.98	1989.16
19.99	1990.29
20	1991.43
20.01	1992.56
20.02	1993.69
20.03	1994.82
20.04	1995.95
20.05	1997.08
20.06	1998.2
20.07	1999.33
20.08	2000.45
20.09	2001.57
20.1	2002.69
20.11	2003.81
20.12	2004.93
20.13	2006.05
20.14	2007.17
20.15	2008.28
20.16	2009.39
20.17	2010.5
20.18	2011.61
20.19	2012.72
20.2	2013.83
20.21	2014.94
20.22	2016.04
20.23	2017.15
20.24	2018.25
20.25	2019.35
20.26	2020.45
20.27	2021.54
20.28	2022.64
20.29	2023.74
20.3	2024.83
20.31	2025.92
20.32	2027.01
20.33	2028.1
20.34	2029.19
20.35	2030.27
20.36	2031.36
20.37	2032.44
20.38	2033.52
20.39	2034.6
20.4	2035.68
20.41	2036.75
20.42	2037.83
20.43	2038.9
20.44	2039.97
20.45	2041.04
20.46	2042.11
20.47	2043.18
20.48	2044.24
20.49	2045.31
20.5	2046.37
20.51	2047.43
20.52	2048.49
20.53	2049.55
20.54	2050.6
20.55	2051.65
20.56	2052.71
20.57	2053.76
20.58	2054.81
20.59	2055.85
20.6	2056.9
20.61	2057.94
20.62	2058.99
20.63	2060.03
20.64	2061.06
20.65	2062.1
20.66	2063.14
20.67	2064.17
20.68	2065.2
20.69	2066.23
20.7	2067.26
20.71	2068.29
20.72	2069.31
20.73	2070.34
20.74	2071.36
20.75	2072.38
20.76	2073.4
20.77	2074.41
20.78	2075.43
20.79	2076.44
20.8	2077.45
20.81	2078.46
20.82	2079.47
20.83	2080.48
20.84	2081.48
20.85	2082.48
20.86	2083.48
20.87	2084.48
20.88	2085.48
20.89	2086.47
20.9	2087.47
20.91	2088.46
20.92	2089.45
20.93	2090.44
20.94	2091.42
20.95	2092.41
20.96	2093.39
20.97	2094.37
20.98	2095.35
20.99	2096.33
21	2097.3
21.01	2098.28
21.02	2099.25
21.03	2100.22
21.04	2101.19
21.05	2102.15
21.06	2103.12
21.07	2104.08
21.08	2105.04
21.09	2106
21.1	2106.96
21.11	2107.91
21.12	2108.87
21.13	2109.82
21.14	2110.77
21.15	2111.72
21.16	2112.66
21.17	2113.61
21.18	2114.55
21.19	2115.49
21.2	2116.43
21.21	2117.37
21.22	2118.3
21.23	2119.23
21.24	2120.17
21.25	2121.1
21.26	2122.02
21.27	2122.95
21.28	2123.87
21.29	2124.8
21.3	2125.72
21.31	2126.64
21.32	2127.55
21.33	2128.47
21.34	2129.38
21.35	2130.29
21.36	2131.2
21.37	2132.11
21.38	2133.02
21.39	2133.92
21.4	2134.82
21.41	2135.72
21.42	2136.62
21.43	2137.52
21.44	2138.41
21.45	2139.31
21.46	2140.2
21.47	2141.09
21.48	2141.97
21.49	2142.86
21.5	2143.74
21.51	2144.63
21.52	2145.51
21.53	2146.38
21.54	2147.26
21.55	2148.14
21.56	2149.01
21.57	2149.88
21.58	2150.75
21.59	2151.62
21.6	2152.48
21.61	2153.35
21.62	2154.21
21.63	2155.07
21.64	2155.93
21.65	2156.78
21.66	2157.64
21.67	2158.49
21.68	2159.34
21.69	2160.19
21.7	2161.04
21.71	2161.89
21.72	2162.73
21.73	2163.57
21.74	2164.41
21.75	2165.25
21.76	2166.09
21.77	2166.92
21.78	2167.76
21.79	2168.59
21.8	2169.42
21.81	2170.25
21.82	2171.07
21.83	2171.9
21.84	2172.72
21.85	2173.54
21.86	2174.36
21.87	2175.18
21.88	2175.99
21.89	2176.81
21.9	2177.62
21.91	2178.43
21.92	2179.24
21.93	2180.05
21.94	2180.85
21.95	2181.65
21.96	2182.46
21.97	2183.26
21.98	2184.05
21.99	2184.85
22	2185.65
22.01	2186.44
22.02	2187.23
22.03	2188.02
22.04	2188.81
22.05	2189.59
22.06	2190.38
22.07	2191.16
22.08	2191.94
22.09	2192.72
22.1	2193.5
22.11	2194.28
22.12	2195.05
22.13	2195.82
22.14	2196.59
22.15	2197.36
22.16	2198.13
22.17	2198.9
22.18	2199.66
22.19	2200.42
22.2	2201.19
22.21	2201.95
22.22	2202.7
22.23	2203.46
22.24	2204.21
22.25	2204.97
22.26	2205.72
22.27	2206.47
22.28	2207.22
22.29	2207.96
22.3	2208.71
22.31	2209.45
22.32	2210.19
22.33	2210.93
22.34	2211.67
22.35	2212.41
22.36	2213.14
22.37	2213.87
22.38	2214.61
22.39	2215.34
22.4	2216.07
22.41	2216.79
22.42	2217.52
22.43	2218.24
22.44	2218.96
22.45	2219.69
22.46	2220.41
22.47	2221.12
22.48	2221.84
22.49	2222.55
22.5	2223.27
22.51	2223.98
22.52	2224.69
22.53	2225.4
22.54	2226.1
22.55	2226.81
22.56	2227.51
22.57	2228.22
22.58	2228.92
22.59	2229.62
22.6	2230.31
22.61	2231.01
22.62	2231.71
22.63	2232.4
22.64	2233.09
22.65	2233.78
22.66	2234.47
22.67	2235.16
22.68	2235.84
22.69	2236.53
22.7	2237.21
22.71	2237.89
22.72	2238.57
22.73	2239.25
22.74	2239.93
22.75	2240.61
22.76	2241.28
22.77	2241.95
22.78	2242.63
22.79	2243.3
22.8	2243.97
22.81	2244.63
22.82	2245.3
22.83	2245.96
22.84	2246.63
22.85	2247.29
22.86	2247.95
22.87	2248.61
22.88	2249.27
22.89	2249.92
22.9	2250.58
22.91	2251.23
22.92	2251.88
22.93	2252.53
22.94	2253.18
22.95	2253.83
22.96	2254.48
22.97	2255.12
22.98	2255.77
22.99	2256.41
23	2257.05
23.01	2257.69
23.02	2258.33
23.03	2258.97
23.04	2259.6
23.05	2260.24
23.06	2260.87
23.07	2261.51
23.08	2262.14
23.09	2262.77
23.1	2263.39
23.11	2264.02
23.12	2264.65
23.13	2265.27
23.14	2265.9
23.15	2266.52
23.16	2267.14
23.17	2267.76
23.18	2268.38
23.19	2268.99
23.2	2269.61
23.21	2270.22
23.22	2270.84
23.23	2271.45
23.24	2272.06
23.25	2272.67
23.26	2273.28
23.27	2273.89
23.28	2274.49
23.29	2275.1
23.3	2275.7
23.31	2276.3
23.32	2276.9
23.33	2277.5
23.34	2278.1
23.35	2278.7
23.36	2279.3
23.37	2279.89
23.38	2280.49
23.39	2281.08
23.4	2281.67
23.41	2282.26
23.42	2282.85
23.43	2283.44
23.44	2284.03
23.45	2284.62
23.46	2285.2
23.47	2285.79
23.48	2286.37
23.49	2286.95
23.5	2287.53
23.51	2288.11
23.52	2288.69
23.53	2289.27
23.54	2289.84
23.55	2290.42
23.56	2290.99
23.57	2291.57
23.58	2292.14
23.59	2292.71
23.6	2293.28
23.61	2293.85
23.62	2294.42
23.63	2294.98
23.64	2295.55
23.65	2296.11
23.66	2296.68
23.67	2297.24
23.68	2297.8
23.69	2298.36
23.7	2298.92
23.71	2299.48
23.72	2300.04
23.73	2300.59
23.74	2301.15
23.75	2301.7
23.76	2302.26
23.77	2302.81
23.78	2303.36
23.79	2303.91
23.8	2304.46
23.81	2305.01
23.82	2305.56
23.83	2306.11
23.84	2306.65
23.85	2307.2
23.86	2307.74
23.87	2308.28
23.88	2308.82
23.89	2309.37
23.9	2309.91
23.91	2310.44
23.92	2310.98
23.93	2311.52
23.94	2312.06
23.95	2312.59
23.96	2313.13
23.97	2313.66
23.98	2314.19
23.99	2314.73
24	2315.26
24.01	2315.79
24.02	2316.32
24.03	2316.84
24.04	2317.37
24.05	2317.9
24.06	2318.42
24.07	2318.95
24.08	2319.47
24.09	2320
24.1	2320.52
24.11	2321.04
24.12	2321.56
24.13	2322.08
24.14	2322.6
24.15	2323.12
24.16	2323.63
24.17	2324.15
24.18	2324.67
24.19	2325.18
24.2	2325.69
24.21	2326.21
24.22	2326.72
24.23	2327.23
24.24	2327.74
24.25	2328.25
24.26	2328.76
24.27	2329.27
24.28	2329.78
24.29	2330.28
24.3	2330.79
24.31	2331.29
24.32	2331.8
24.33	2332.3
24.34	2332.81
24.35	2333.31
24.36	2333.81
24.37	2334.31
24.38	2334.81
24.39	2335.31
24.4	2335.81
24.41	2336.31
24.42	2336.8
24.43	2337.3
24.44	2337.79
24.45	2338.29
24.46	2338.78
24.47	2339.28
24.48	2339.77
24.49	2340.26
24.5	2340.75
24.51	2341.24
24.52	2341.73
24.53	2342.22
24.54	2342.71
24.55	2343.2
24.56	2343.69
24.57	2344.17
24.58	2344.66
24.59	2345.14
24.6	2345.63
24.61	2346.11
24.62	2346.59
24.63	2347.08
24.64	2347.56
24.65	2348.04
24.66	2348.52
24.67	2349
24.68	2349.48
24.69	2349.96
24.7	2350.44
24.71	2350.91
24.72	2351.39
24.73	2351.87
24.74	2352.34
24.75	2352.82
24.76	2353.29
24.77	2353.77
24.78	2354.24
24.79	2354.71
24.8	2355.18
24.81	2355.65
24.82	2356.12
24.83	2356.59
24.84	2357.06
24.85	2357.53
24.86	2358
24.87	2358.47
24.88	2358.94
24.89	2359.4
24.9	2359.87
24.91	2360.33
24.92	2360.8
24.93	2361.26
24.94	2361.73
24.95	2362.19
24.96	2362.65
24.97	2363.12
24.98	2363.58
24.99	2364.04
25	2364.5
25.01	2364.96
25.02	2365.42
25.03	2365.88
25.04	2366.34
25.05	2366.79
25.06	2367.25
25.07	2367.71
25.08	2368.17
25.09	2368.62
25.1	2369.08
25.11	2369.53
25.12	2369.99
25.13	2370.44
25.14	2370.89
25.15	2371.35
25.16	2371.8
25.17	2372.25
25.18	2372.7
25.19	2373.15
25.2	2373.6
25.21	2374.05
25.22	2374.5
25.23	2374.95
25.24	2375.4
25.25	2375.85
25.26	2376.3
25.27	2376.75
25.28	2377.19
25.29	2377.64
25.3	2378.08
25.31	2378.53
25.32	2378.98
25.33	2379.42
25.34	2379.86
25.35	2380.31
25.36	2380.75
25.37	2381.19
25.38	2381.64
25.39	2382.08
25.4	2382.52
25.41	2382.96
25.42	2383.4
25.43	2383.84
25.44	2384.28
25.45	2384.72
25.46	2385.16
25.47	2385.6
25.48	2386.04
25.49	2386.48
25.5	2386.92
25.51	2387.35
25.52	2387.79
25.53	2388.23
25.54	2388.66
25.55	2389.1
25.56	2389.53
25.57	2389.97
25.58	2390.4
25.59	2390.84
25.6	2391.27
25.61	2391.7
25.62	2392.14
25.63	2392.57
25.64	2393
25.65	2393.43
25.66	2393.87
25.67	2394.3
25.68	2394.73
25.69	2395.16
25.7	2395.59
25.71	2396.02
25.72	2396.45
25.73	2396.88
25.74	2397.31
25.75	2397.74
25.76	2398.17
25.77	2398.59
25.78	2399.02
25.79	2399.45
25.8	2399.88
25.81	2400.3
25.82	2400.73
25.83	2401.15
25.84	2401.58
25.85	2402.01
25.86	2402.43
25.87	2402.86
25.88	2403.28
25.89	2403.7
25.9	2404.13
25.91	2404.55
25.92	2404.98
25.93	2405.4
25.94	2405.82
25.95	2406.24
25.96	2406.67
25.97	2407.09
25.98	2407.51
25.99	2407.93
26	2408.35
26.01	2408.77
26.02	2409.19
26.03	2409.61
26.04	2410.03
26.05	2410.45
26.06	2410.87
26.07	2411.29
26.08	2411.71
26.09	2412.13
26.1	2412.55
26.11	2412.97
26.12	2413.39
26.13	2413.8
26.14	2414.22
26.15	2414.64
26.16	2415.06
26.17	2415.47
26.18	2415.89
26.19	2416.31
26.2	2416.72
26.21	2417.14
26.22	2417.55
26.23	2417.97
26.24	2418.38
26.25	2418.8
26.26	2419.21
26.27	2419.63
26.28	2420.04
26.29	2420.46
26.3	2420.87
26.31	2421.28
26.32	2421.7
26.33	2422.11
26.34	2422.52
26.35	2422.93
26.36	2423.35
26.37	2423.76
26.38	2424.17
26.39	2424.58
26.4	2425
26.41	2425.41
26.42	2425.82
26.43	2426.23
26.44	2426.64
26.45	2427.05
26.46	2427.46
26.47	2427.87
26.48	2428.28
26.49	2428.69
26.5	2429.1
26.51	2429.51
26.52	2429.92
26.53	2430.33
26.54	2430.74
26.55	2431.15
26.56	2431.56
26.57	2431.96
26.58	2432.37
26.59	2432.78
26.6	2433.19
26.61	2433.6
26.62	2434
26.63	2434.41
26.64	2434.82
26.65	2435.23
26.66	2435.63
26.67	2436.04
26.68	2436.45
26.69	2436.85
26.7	2437.26
26.71	2437.67
26.72	2438.07
26.73	2438.48
26.74	2438.88
26.75	2439.29
26.76	2439.7
26.77	2440.1
26.78	2440.51
26.79	2440.91
26.8	2441.32
26.81	2441.72
26.82	2442.13
26.83	2442.53
26.84	2442.93
26.85	2443.34
26.86	2443.74
26.87	2444.15
26.88	2444.55
26.89	2444.95
26.9	2445.36
26.91	2445.76
26.92	2446.16
26.93	2446.57
26.94	2446.97
26.95	2447.37
26.96	2447.78
26.97	2448.18
26.98	2448.58
26.99	2448.98
27	2449.39
27.01	2449.79
27.02	2450.19
27.03	2450.59
27.04	2450.99
27.05	2451.4
27.06	2451.8
27.07	2452.2
27.08	2452.6
27.09	2453
27.1	2453.4
27.11	2453.8
27.12	2454.2
27.13	2454.61
27.14	2455.01
27.15	2455.41
27.16	2455.81
27.17	2456.21
27.18	2456.61
27.19	2457.01
27.2	2457.41
27.21	2457.81
27.22	2458.21
27.23	2458.61
27.24	2459.01
27.25	2459.41
27.26	2459.81
27.27	2460.21
27.28	2460.61
27.29	2461.01
27.3	2461.41
27.31	2461.8
27.32	2462.2
27.33	2462.6
27.34	2463
27.35	2463.4
27.36	2463.8
27.37	2464.2
27.38	2464.6
27.39	2464.99
27.4	2465.39
27.41	2465.79
27.42	2466.19
27.43	2466.59
27.44	2466.98
27.45	2467.38
27.46	2467.78
27.47	2468.18
27.48	2468.58
27.49	2468.97
27.5	2469.37
27.51	2469.77
27.52	2470.17
27.53	2470.56
27.54	2470.96
27.55	2471.36
27.56	2471.76
27.57	2472.15
27.58	2472.55
27.59	2472.95
27.6	2473.34
27.61	2473.74
27.62	2474.14
27.63	2474.53
27.64	2474.93
27.65	2475.33
27.66	2475.72
27.67	2476.12
27.68	2476.52
27.69	2476.91
27.7	2477.31
27.71	2477.7
27.72	2478.1
27.73	2478.5
27.74	2478.89
27.75	2479.29
27.76	2479.68
27.77	2480.08
27.78	2480.48
27.79	2480.87
27.8	2481.27
27.81	2481.66
27.82	2482.06
27.83	2482.45
27.84	2482.85
27.85	2483.24
27.86	2483.64
27.87	2484.03
27.88	2484.43
27.89	2484.82
27.9	2485.22
27.91	2485.61
27.92	2486.01
27.93	2486.4
27.94	2486.8
27.95	2487.19
27.96	2487.59
27.97	2487.98
27.98	2488.38
27.99	2488.77
28	2489.17
28.01	2489.56
28.02	2489.96
28.03	2490.35
28.04	2490.74
28.05	2491.14
28.06	2491.53
28.07	2491.93
28.08	2492.32
28.09	2492.71
28.1	2493.11
28.11	2493.5
28.12	2493.9
28.13	2494.29
28.14	2494.68
28.15	2495.08
28.16	2495.47
28.17	2495.87
28.18	2496.26
28.19	2496.65
28.2	2497.05
28.21	2497.44
28.22	2497.83
28.23	2498.23
28.24	2498.62
28.25	2499.01
28.26	2499.41
28.27	2499.8
28.28	2500.19
28.29	2500.58
28.3	2500.98
28.31	2501.37
28.32	2501.76
28.33	2502.16
28.34	2502.55
28.35	2502.94
28.36	2503.34
28.37	2503.73
28.38	2504.12
28.39	2504.51
28.4	2504.91
28.41	2505.3
28.42	2505.69
28.43	2506.08
28.44	2506.48
28.45	2506.87
28.46	2507.26
28.47	2507.65
28.48	2508.04
28.49	2508.44
28.5	2508.83
28.51	2509.22
28.52	2509.61
28.53	2510
28.54	2510.4
28.55	2510.79
28.56	2511.18
28.57	2511.57
28.58	2511.96
28.59	2512.36
28.6	2512.75
28.61	2513.14
28.62	2513.53
28.63	2513.92
28.64	2514.31
28.65	2514.7
28.66	2515.1
28.67	2515.49
28.68	2515.88
28.69	2516.27
28.7	2516.66
28.71	2517.05
28.72	2517.44
28.73	2517.83
28.74	2518.22
28.75	2518.62
28.76	2519.01
28.77	2519.4
28.78	2519.79
28.79	2520.18
28.8	2520.57
28.81	2520.96
28.82	2521.35
28.83	2521.74
28.84	2522.13
28.85	2522.52
28.86	2522.91
28.87	2523.3
28.88	2523.69
28.89	2524.08
28.9	2524.47
28.91	2524.86
28.92	2525.25
28.93	2525.64
28.94	2526.03
28.95	2526.42
28.96	2526.81
28.97	2527.2
28.98	2527.59
28.99	2527.98
29	2528.37
29.01	2528.76
29.02	2529.15
29.03	2529.54
29.04	2529.93
29.05	2530.32
29.06	2530.71
29.07	2531.1
29.08	2531.49
29.09	2531.88
29.1	2532.26
29.11	2532.65
29.12	2533.04
29.13	2533.43
29.14	2533.82
29.15	2534.21
29.16	2534.6
29.17	2534.99
29.18	2535.37
29.19	2535.76
29.2	2536.15
29.21	2536.54
29.22	2536.93
29.23	2537.32
29.24	2537.7
29.25	2538.09
29.26	2538.48
29.27	2538.87
29.28	2539.26
29.29	2539.64
29.3	2540.03
29.31	2540.42
29.32	2540.81
29.33	2541.19
29.34	2541.58
29.35	2541.97
29.36	2542.36
29.37	2542.74
29.38	2543.13
29.39	2543.52
29.4	2543.91
29.41	2544.29
29.42	2544.68
29.43	2545.07
29.44	2545.45
29.45	2545.84
29.46	2546.23
29.47	2546.61
29.48	2547
29.49	2547.39
29.5	2547.77
29.51	2548.16
29.52	2548.54
29.53	2548.93
29.54	2549.32
29.55	2549.7
29.56	2550.09
29.57	2550.47
29.58	2550.86
29.59	2551.25
29.6	2551.63
29.61	2552.02
29.62	2552.4
29.63	2552.79
29.64	2553.17
29.65	2553.56
29.66	2553.94
29.67	2554.33
29.68	2554.71
29.69	2555.1
29.7	2555.48
29.71	2555.87
29.72	2556.25
29.73	2556.64
29.74	2557.02
29.75	2557.4
29.76	2557.79
29.77	2558.17
29.78	2558.56
29.79	2558.94
29.8	2559.32
29.81	2559.71
29.82	2560.09
29.83	2560.47
29.84	2560.86
29.85	2561.24
29.86	2561.62
29.87	2562.01
29.88	2562.39
29.89	2562.77
29.9	2563.16
29.91	2563.54
29.92	2563.92
29.93	2564.3
29.94	2564.69
29.95	2565.07
29.96	2565.45
29.97	2565.83
29.98	2566.22
29.99	2566.6
30	2566.98
30.01	2567.36
30.02	2567.74
30.03	2568.12
30.04	2568.51
30.05	2568.89
30.06	2569.27
30.07	2569.65
30.08	2570.03
30.09	2570.41
30.1	2570.79
30.11	2571.17
30.12	2571.55
30.13	2571.93
30.14	2572.31
30.15	2572.69
30.16	2573.07
30.17	2573.45
30.18	2573.83
30.19	2574.21
30.2	2574.59
30.21	2574.97
30.22	2575.35
30.23	2575.73
30.24	2576.11
30.25	2576.49
30.26	2576.87
30.27	2577.25
30.28	2577.63
30.29	2578
30.3	2578.38
30.31	2578.76
30.32	2579.14
30.33	2579.52
30.34	2579.89
30.35	2580.27
30.36	2580.65
30.37	2581.03
30.38	2581.41
30.39	2581.78
30.4	2582.16
30.41	2582.54
30.42	2582.91
30.43	2583.29
30.44	2583.67
30.45	2584.04
30.46	2584.42
30.47	2584.8
30.48	2585.17
30.49	2585.55
30.5	2585.92
30.51	2586.3
30.52	2586.67
30.53	2587.05
30.54	2587.43
30.55	2587.8
30.56	2588.18
30.57	2588.55
30.58	2588.92
30.59	2589.3
30.6	2589.67
30.61	2590.05
30.62	2590.42
30.63	2590.8
30.64	2591.17
30.65	2591.54
30.66	2591.92
30.67	2592.29
30.68	2592.66
30.69	2593.04
30.7	2593.41
30.71	2593.78
30.72	2594.15
30.73	2594.53
30.74	2594.9
30.75	2595.27
30.76	2595.64
30.77	2596.02
30.78	2596.39
30.79	2596.76
30.8	2597.13
30.81	2597.5
30.82	2597.87
30.83	2598.24
30.84	2598.61
30.85	2598.98
30.86	2599.36
30.87	2599.73
30.88	2600.1
30.89	2600.47
30.9	2600.84
30.91	2601.2
30.92	2601.57
30.93	2601.94
30.94	2602.31
30.95	2602.68
30.96	2603.05
30.97	2603.42
30.98	2603.79
30.99	2604.16
31	2604.52
31.01	2604.89
31.02	2605.26
31.03	2605.63
31.04	2605.99
31.05	2606.36
31.06	2606.73
31.07	2607.1
31.08	2607.46
31.09	2607.83
31.1	2608.19
31.11	2608.56
31.12	2608.93
31.13	2609.29
31.14	2609.66
31.15	2610.02
31.16	2610.39
31.17	2610.75
31.18	2611.12
31.19	2611.48
31.2	2611.85
31.21	2612.21
31.22	2612.58
31.23	2612.94
31.24	2613.3
31.25	2613.67
31.26	2614.03
31.27	2614.39
31.28	2614.76
31.29	2615.12
31.3	2615.48
31.31	2615.85
31.32	2616.21
31.33	2616.57
31.34	2616.93
31.35	2617.29
31.36	2617.65
31.37	2618.02
31.38	2618.38
31.39	2618.74
31.4	2619.1
31.41	2619.46
31.42	2619.82
31.43	2620.18
31.44	2620.54
31.45	2620.9
31.46	2621.26
31.47	2621.62
31.48	2621.98
31.49	2622.34
31.5	2622.69
31.51	2623.05
31.52	2623.41
31.53	2623.77
31.54	2624.13
31.55	2624.49
31.56	2624.84
31.57	2625.2
31.58	2625.56
31.59	2625.91
31.6	2626.27
31.61	2626.63
31.62	2626.98
31.63	2627.34
31.64	2627.69
31.65	2628.05
31.66	2628.41
31.67	2628.76
31.68	2629.12
31.69	2629.47
31.7	2629.82
31.71	2630.18
31.72	2630.53
31.73	2630.89
31.74	2631.24
31.75	2631.59
31.76	2631.95
31.77	2632.3
31.78	2632.65
31.79	2633.01
31.8	2633.36
31.81	2633.71
31.82	2634.06
31.83	2634.41
31.84	2634.76
31.85	2635.12
31.86	2635.47
31.87	2635.82
31.88	2636.17
31.89	2636.52
31.9	2636.87
31.91	2637.22
31.92	2637.57
31.93	2637.92
31.94	2638.27
31.95	2638.62
31.96	2638.96
31.97	2639.31
31.98	2639.66
31.99	2640.01
32	2640.36
32.01	2640.7
32.02	2641.05
32.03	2641.4
32.04	2641.74
32.05	2642.09
32.06	2642.44
32.07	2642.78
32.08	2643.13
32.09	2643.47
32.1	2643.82
32.11	2644.17
32.12	2644.51
32.13	2644.85
32.14	2645.2
32.15	2645.54
32.16	2645.89
32.17	2646.23
32.18	2646.57
32.19	2646.92
32.2	2647.26
32.21	2647.6
32.22	2647.95
32.23	2648.29
32.24	2648.63
32.25	2648.97
32.26	2649.31
32.27	2649.65
32.28	2650
32.29	2650.34
32.3	2650.68
32.31	2651.02
32.32	2651.36
32.33	2651.7
32.34	2652.04
32.35	2652.37
32.36	2652.71
32.37	2653.05
32.38	2653.39
32.39	2653.73
32.4	2654.07
32.41	2654.4
32.42	2654.74
32.43	2655.08
32.44	2655.42
32.45	2655.75
32.46	2656.09
32.47	2656.43
32.48	2656.76
32.49	2657.1
32.5	2657.43
32.51	2657.77
32.52	2658.1
32.53	2658.44
32.54	2658.77
32.55	2659.1
32.56	2659.44
32.57	2659.77
32.58	2660.11
32.59	2660.44
32.6	2660.77
32.61	2661.1
32.62	2661.44
32.63	2661.77
32.64	2662.1
32.65	2662.43
32.66	2662.76
32.67	2663.09
32.68	2663.42
32.69	2663.75
32.7	2664.08
32.71	2664.41
32.72	2664.74
32.73	2665.07
32.74	2665.4
32.75	2665.73
32.76	2666.06
32.77	2666.39
32.78	2666.71
32.79	2667.04
32.8	2667.37
32.81	2667.7
32.82	2668.02
32.83	2668.35
32.84	2668.68
32.85	2669
32.86	2669.33
32.87	2669.65
32.88	2669.98
32.89	2670.3
32.9	2670.63
32.91	2670.95
32.92	2671.27
32.93	2671.6
32.94	2671.92
32.95	2672.25
32.96	2672.57
32.97	2672.89
32.98	2673.21
32.99	2673.53
33	2673.86
33.01	2674.18
33.02	2674.5
33.03	2674.82
33.04	2675.14
33.05	2675.46
33.06	2675.78
33.07	2676.1
33.08	2676.42
33.09	2676.74
33.1	2677.06
33.11	2677.38
33.12	2677.69
33.13	2678.01
33.14	2678.33
33.15	2678.65
33.16	2678.97
33.17	2679.28
33.18	2679.6
33.19	2679.91
33.2	2680.23
33.21	2680.55
33.22	2680.86
33.23	2681.18
33.24	2681.49
33.25	2681.81
33.26	2682.12
33.27	2682.43
33.28	2682.75
33.29	2683.06
33.3	2683.37
33.31	2683.69
33.32	2684
33.33	2684.31
33.34	2684.62
33.35	2684.94
33.36	2685.25
33.37	2685.56
33.38	2685.87
33.39	2686.18
33.4	2686.49
33.41	2686.8
33.42	2687.11
33.43	2687.42
33.44	2687.73
33.45	2688.03
33.46	2688.34
33.47	2688.65
33.48	2688.96
33.49	2689.27
33.5	2689.57
33.51	2689.88
33.52	2690.19
33.53	2690.49
33.54	2690.8
33.55	2691.1
33.56	2691.41
33.57	2691.71
33.58	2692.02
33.59	2692.32
33.6	2692.63
33.61	2692.93
33.62	2693.23
33.63	2693.54
33.64	2693.84
33.65	2694.14
33.66	2694.44
33.67	2694.75
33.68	2695.05
33.69	2695.35
33.7	2695.65
33.71	2695.95
33.72	2696.25
33.73	2696.55
33.74	2696.85
33.75	2697.15
33.76	2697.45
33.77	2697.75
33.78	2698.05
33.79	2698.35
33.8	2698.64
33.81	2698.94
33.82	2699.24
33.83	2699.53
33.84	2699.83
33.85	2700.13
33.86	2700.42
33.87	2700.72
33.88	2701.01
33.89	2701.31
33.9	2701.6
33.91	2701.9
33.92	2702.19
33.93	2702.49
33.94	2702.78
33.95	2703.07
33.96	2703.37
33.97	2703.66
33.98	2703.95
33.99	2704.24
34	2704.53
34.01	2704.83
34.02	2705.12
34.03	2705.41
34.04	2705.7
34.05	2705.99
34.06	2706.28
34.07	2706.57
34.08	2706.86
34.09	2707.14
34.1	2707.43
34.11	2707.72
34.12	2708.01
34.13	2708.3
34.14	2708.58
34.15	2708.87
34.16	2709.16
34.17	2709.44
34.18	2709.73
34.19	2710.01
34.2	2710.3
34.21	2710.58
34.22	2710.87
34.23	2711.15
34.24	2711.44
34.25	2711.72
34.26	2712
34.27	2712.29
34.28	2712.57
34.29	2712.85
34.3	2713.13
34.31	2713.41
34.32	2713.7
34.33	2713.98
34.34	2714.26
34.35	2714.54
34.36	2714.82
34.37	2715.1
34.38	2715.38
34.39	2715.66
34.4	2715.93
34.41	2716.21
34.42	2716.49
34.43	2716.77
34.44	2717.05
34.45	2717.32
34.46	2717.6
34.47	2717.88
34.48	2718.15
34.49	2718.43
34.5	2718.7
34.51	2718.98
34.52	2719.25
34.53	2719.53
34.54	2719.8
34.55	2720.07
34.56	2720.35
34.57	2720.62
34.58	2720.89
34.59	2721.17
34.6	2721.44
34.61	2721.71
34.62	2721.98
34.63	2722.25
34.64	2722.52
34.65	2722.79
34.66	2723.06
34.67	2723.33
34.68	2723.6
34.69	2723.87
34.7	2724.14
34.71	2724.41
34.72	2724.68
34.73	2724.94
34.74	2725.21
34.75	2725.48
34.76	2725.75
34.77	2726.01
34.78	2726.28
34.79	2726.54
34.8	2726.81
34.81	2727.07
34.82	2727.34
34.83	2727.6
34.84	2727.87
34.85	2728.13
34.86	2728.39
34.87	2728.66
34.88	2728.92
34.89	2729.18
34.9	2729.44
34.91	2729.71
34.92	2729.97
34.93	2730.23
34.94	2730.49
34.95	2730.75
34.96	2731.01
34.97	2731.27
34.98	2731.53
34.99	2731.79
35	2732.04
35.01	2732.3
35.02	2732.56
35.03	2732.82
35.04	2733.08
35.05	2733.33
35.06	2733.59
35.07	2733.85
35.08	2734.1
35.09	2734.36
35.1	2734.61
35.11	2734.87
35.12	2735.12
35.13	2735.38
35.14	2735.63
35.15	2735.88
35.16	2736.14
35.17	2736.39
35.18	2736.64
35.19	2736.89
35.2	2737.15
35.21	2737.4
35.22	2737.65
35.23	2737.9
35.24	2738.15
35.25	2738.4
35.26	2738.65
35.27	2738.9
35.28	2739.15
35.29	2739.4
35.3	2739.64
35.31	2739.89
35.32	2740.14
35.33	2740.39
35.34	2740.63
35.35	2740.88
35.36	2741.13
35.37	2741.37
35.38	2741.62
35.39	2741.86
35.4	2742.11
35.41	2742.35
35.42	2742.6
35.43	2742.84
35.44	2743.08
35.45	2743.33
35.46	2743.57
35.47	2743.81
35.48	2744.05
35.49	2744.3
35.5	2744.54
35.51	2744.78
35.52	2745.02
35.53	2745.26
35.54	2745.5
35.55	2745.74
35.56	2745.98
35.57	2746.22
35.58	2746.46
35.59	2746.69
35.6	2746.93
35.61	2747.17
35.62	2747.41
35.63	2747.64
35.64	2747.88
35.65	2748.12
35.66	2748.35
35.67	2748.59
35.68	2748.82
35.69	2749.06
35.7	2749.29
35.71	2749.52
35.72	2749.76
35.73	2749.99
35.74	2750.22
35.75	2750.46
35.76	2750.69
35.77	2750.92
35.78	2751.15
35.79	2751.38
35.8	2751.62
35.81	2751.85
35.82	2752.08
35.83	2752.31
35.84	2752.54
35.85	2752.76
35.86	2752.99
35.87	2753.22
35.88	2753.45
35.89	2753.68
35.9	2753.9
35.91	2754.13
35.92	2754.36
35.93	2754.58
35.94	2754.81
35.95	2755.04
35.96	2755.26
35.97	2755.49
35.98	2755.71
35.99	2755.93
36	2756.16
36.01	2756.38
36.02	2756.6
36.03	2756.83
36.04	2757.05
36.05	2757.27
36.06	2757.49
36.07	2757.71
36.08	2757.94
36.09	2758.16
36.1	2758.38
36.11	2758.6
36.12	2758.82
36.13	2759.03
36.14	2759.25
36.15	2759.47
36.16	2759.69
36.17	2759.91
36.18	2760.13
36.19	2760.34
36.2	2760.56
36.21	2760.78
36.22	2760.99
36.23	2761.21
36.24	2761.42
36.25	2761.64
36.26	2761.85
36.27	2762.07
36.28	2762.28
36.29	2762.49
36.3	2762.71
36.31	2762.92
36.32	2763.13
36.33	2763.34
36.34	2763.55
36.35	2763.77
36.36	2763.98
36.37	2764.19
36.38	2764.4
36.39	2764.61
36.4	2764.82
36.41	2765.03
36.42	2765.23
36.43	2765.44
36.44	2765.65
36.45	2765.86
36.46	2766.07
36.47	2766.27
36.48	2766.48
36.49	2766.69
36.5	2766.89
36.51	2767.1
36.52	2767.3
36.53	2767.51
36.54	2767.71
36.55	2767.92
36.56	2768.12
36.57	2768.32
36.58	2768.53
36.59	2768.73
36.6	2768.93
36.61	2769.13
36.62	2769.33
36.63	2769.54
36.64	2769.74
36.65	2769.94
36.66	2770.14
36.67	2770.34
36.68	2770.54
36.69	2770.74
36.7	2770.93
36.71	2771.13
36.72	2771.33
36.73	2771.53
36.74	2771.73
36.75	2771.92
36.76	2772.12
36.77	2772.32
36.78	2772.51
36.79	2772.71
36.8	2772.9
36.81	2773.1
36.82	2773.29
36.83	2773.48
36.84	2773.68
36.85	2773.87
36.86	2774.06
36.87	2774.26
36.88	2774.45
36.89	2774.64
36.9	2774.83
36.91	2775.02
36.92	2775.21
36.93	2775.41
36.94	2775.6
36.95	2775.78
36.96	2775.97
36.97	2776.16
36.98	2776.35
36.99	2776.54
37	2776.73
37.01	2776.92
37.02	2777.1
37.03	2777.29
37.04	2777.48
37.05	2777.66
37.06	2777.85
37.07	2778.03
37.08	2778.22
37.09	2778.4
37.1	2778.59
37.11	2778.77
37.12	2778.95
37.13	2779.14
37.14	2779.32
37.15	2779.5
37.16	2779.68
37.17	2779.87
37.18	2780.05
37.19	2780.23
37.2	2780.41
37.21	2780.59
37.22	2780.77
37.23	2780.95
37.24	2781.13
37.25	2781.31
37.26	2781.48
37.27	2781.66
37.28	2781.84
37.29	2782.02
37.3	2782.19
37.31	2782.37
37.32	2782.55
37.33	2782.72
37.34	2782.9
37.35	2783.07
37.36	2783.25
37.37	2783.42
37.38	2783.6
37.39	2783.77
37.4	2783.94
37.41	2784.12
37.42	2784.29
37.43	2784.46
37.44	2784.63
37.45	2784.81
37.46	2784.98
37.47	2785.15
37.48	2785.32
37.49	2785.49
37.5	2785.66
37.51	2785.83
37.52	2786
37.53	2786.16
37.54	2786.33
37.55	2786.5
37.56	2786.67
37.57	2786.83
37.58	2787
37.59	2787.17
37.6	2787.33
37.61	2787.5
37.62	2787.66
37.63	2787.83
37.64	2787.99
37.65	2788.16
37.66	2788.32
37.67	2788.49
37.68	2788.65
37.69	2788.81
37.7	2788.97
37.71	2789.14
37.72	2789.3
37.73	2789.46
37.74	2789.62
37.75	2789.78
37.76	2789.94
37.77	2790.1
37.78	2790.26
37.79	2790.42
37.8	2790.58
37.81	2790.74
37.82	2790.89
37.83	2791.05
37.84	2791.21
37.85	2791.37
37.86	2791.52
37.87	2791.68
37.88	2791.84
37.89	2791.99
37.9	2792.15
37.91	2792.3
37.92	2792.46
37.93	2792.61
37.94	2792.76
37.95	2792.92
37.96	2793.07
37.97	2793.22
37.98	2793.37
37.99	2793.53
38	2793.68
38.01	2793.83
38.02	2793.98
38.03	2794.13
38.04	2794.28
38.05	2794.43
38.06	2794.58
38.07	2794.73
38.08	2794.88
38.09	2795.02
38.1	2795.17
38.11	2795.32
38.12	2795.47
38.13	2795.61
38.14	2795.76
38.15	2795.91
38.16	2796.05
38.17	2796.2
38.18	2796.34
38.19	2796.49
38.2	2796.63
38.21	2796.78
38.22	2796.92
38.23	2797.06
38.24	2797.2
38.25	2797.35
38.26	2797.49
38.27	2797.63
38.28	2797.77
38.29	2797.91
38.3	2798.05
38.31	2798.19
38.32	2798.33
38.33	2798.47
38.34	2798.61
38.35	2798.75
38.36	2798.89
38.37	2799.03
38.38	2799.17
38.39	2799.3
38.4	2799.44
38.41	2799.58
38.42	2799.71
38.43	2799.85
38.44	2799.98
38.45	2800.12
38.46	2800.25
38.47	2800.39
38.48	2800.52
38.49	2800.66
38.5	2800.79
38.51	2800.92
38.52	2801.06
38.53	2801.19
38.54	2801.32
38.55	2801.45
38.56	2801.58
38.57	2801.71
38.58	2801.84
38.59	2801.97
38.6	2802.1
38.61	2802.23
38.62	2802.36
38.63	2802.49
38.64	2802.62
38.65	2802.75
38.66	2802.88
38.67	2803
38.68	2803.13
38.69	2803.26
38.7	2803.38
38.71	2803.51
38.72	2803.63
38.73	2803.76
38.74	2803.88
38.75	2804.01
38.76	2804.13
38.77	2804.26
38.78	2804.38
38.79	2804.5
38.8	2804.62
38.81	2804.75
38.82	2804.87
38.83	2804.99
38.84	2805.11
38.85	2805.23
38.86	2805.35
38.87	2805.47
38.88	2805.59
38.89	2805.71
38.9	2805.83
38.91	2805.95
38.92	2806.07
38.93	2806.19
38.94	2806.3
38.95	2806.42
38.96	2806.54
38.97	2806.65
38.98	2806.77
38.99	2806.89
39	2807
39.01	2807.12
39.02	2807.23
39.03	2807.35
39.04	2807.46
39.05	2807.57
39.06	2807.69
39.07	2807.8
39.08	2807.91
39.09	2808.02
39.1	2808.14
39.11	2808.25
39.12	2808.36
39.13	2808.47
39.14	2808.58
39.15	2808.69
39.16	2808.8
39.17	2808.91
39.18	2809.02
39.19	2809.13
39.2	2809.23
39.21	2809.34
39.22	2809.45
39.23	2809.56
39.24	2809.66
39.25	2809.77
39.26	2809.88
39.27	2809.98
39.28	2810.09
39.29	2810.19
39.3	2810.3
39.31	2810.4
39.32	2810.51
39.33	2810.61
39.34	2810.71
39.35	2810.82
39.36	2810.92
39.37	2811.02
39.38	2811.12
39.39	2811.23
39.4	2811.33
39.41	2811.43
39.42	2811.53
39.43	2811.63
39.44	2811.73
39.45	2811.83
39.46	2811.93
39.47	2812.03
39.48	2812.12
39.49	2812.22
39.5	2812.32
39.51	2812.42
39.52	2812.51
39.53	2812.61
39.54	2812.71
39.55	2812.8
39.56	2812.9
39.57	2812.99
39.58	2813.09
39.59	2813.18
39.6	2813.28
39.61	2813.37
39.62	2813.47
39.63	2813.56
39.64	2813.65
39.65	2813.74
39.66	2813.84
39.67	2813.93
39.68	2814.02
39.69	2814.11
39.7	2814.2
39.71	2814.29
39.72	2814.38
39.73	2814.47
39.74	2814.56
39.75	2814.65
39.76	2814.74
39.77	2814.83
39.78	2814.91
39.79	2815
39.8	2815.09
39.81	2815.18
39.82	2815.26
39.83	2815.35
39.84	2815.43
39.85	2815.52
39.86	2815.61
39.87	2815.69
39.88	2815.77
39.89	2815.86
39.9	2815.94
39.91	2816.03
39.92	2816.11
39.93	2816.19
39.94	2816.27
39.95	2816.36
39.96	2816.44
39.97	2816.52
39.98	2816.6
39.99	2816.68
40	2816.76
40.01	2816.84
40.02	2816.92
40.03	2817
40.04	2817.08
40.05	2817.16
40.06	2817.24
40.07	2817.31
40.08	2817.39
40.09	2817.47
40.1	2817.55
40.11	2817.62
40.12	2817.7
40.13	2817.77
40.14	2817.85
40.15	2817.93
40.16	2818
40.17	2818.07
40.18	2818.15
40.19	2818.22
40.2	2818.3
40.21	2818.37
40.22	2818.44
40.23	2818.51
40.24	2818.59
40.25	2818.66
40.26	2818.73
40.27	2818.8
40.28	2818.87
40.29	2818.94
40.3	2819.01
40.31	2819.08
40.32	2819.15
40.33	2819.22
40.34	2819.29
40.35	2819.36
40.36	2819.43
40.37	2819.49
40.38	2819.56
40.39	2819.63
40.4	2819.69
40.41	2819.76
40.42	2819.83
40.43	2819.89
40.44	2819.96
40.45	2820.02
40.46	2820.09
40.47	2820.15
40.48	2820.22
40.49	2820.28
40.5	2820.34
40.51	2820.41
40.52	2820.47
40.53	2820.53
40.54	2820.59
40.55	2820.65
40.56	2820.72
40.57	2820.78
40.58	2820.84
40.59	2820.9
40.6	2820.96
40.61	2821.02
40.62	2821.08
40.63	2821.14
40.64	2821.19
40.65	2821.25
40.66	2821.31
40.67	2821.37
40.68	2821.42
40.69	2821.48
40.7	2821.54
40.71	2821.59
40.72	2821.65
40.73	2821.71
40.74	2821.76
40.75	2821.82
40.76	2821.87
40.77	2821.93
40.78	2821.98
40.79	2822.03
40.8	2822.09
40.81	2822.14
40.82	2822.19
40.83	2822.24
40.84	2822.3
40.85	2822.35
40.86	2822.4
40.87	2822.45
40.88	2822.5
40.89	2822.55
40.9	2822.6
40.91	2822.65
40.92	2822.7
40.93	2822.75
40.94	2822.8
40.95	2822.85
40.96	2822.89
40.97	2822.94
40.98	2822.99
40.99	2823.04
41	2823.08
41.01	2823.13
41.02	2823.18
41.03	2823.22
41.04	2823.27
41.05	2823.31
41.06	2823.36
41.07	2823.4
41.08	2823.45
41.09	2823.49
41.1	2823.53
41.11	2823.58
41.12	2823.62
41.13	2823.66
41.14	2823.7
41.15	2823.74
41.16	2823.79
41.17	2823.83
41.18	2823.87
41.19	2823.91
41.2	2823.95
41.21	2823.99
41.22	2824.03
41.23	2824.07
41.24	2824.11
41.25	2824.15
41.26	2824.18
41.27	2824.22
41.28	2824.26
41.29	2824.3
41.3	2824.33
41.31	2824.37
41.32	2824.41
41.33	2824.44
41.34	2824.48
41.35	2824.51
41.36	2824.55
41.37	2824.58
41.38	2824.62
41.39	2824.65
41.4	2824.69
41.41	2824.72
41.42	2824.75
41.43	2824.78
41.44	2824.82
41.45	2824.85
41.46	2824.88
41.47	2824.91
41.48	2824.94
41.49	2824.97
41.5	2825.01
41.51	2825.04
41.52	2825.07
41.53	2825.09
41.54	2825.12
41.55	2825.15
41.56	2825.18
41.57	2825.21
41.58	2825.24
41.59	2825.27
41.6	2825.29
41.61	2825.32
41.62	2825.35
41.63	2825.37
41.64	2825.4
41.65	2825.43
41.66	2825.45
41.67	2825.48
41.68	2825.5
41.69	2825.53
41.7	2825.55
41.71	2825.57
41.72	2825.6
41.73	2825.62
41.74	2825.64
41.75	2825.67
41.76	2825.69
41.77	2825.71
41.78	2825.73
41.79	2825.75
41.8	2825.77
41.81	2825.8
41.82	2825.82
41.83	2825.84
41.84	2825.86
41.85	2825.88
41.86	2825.89
41.87	2825.91
41.88	2825.93
41.89	2825.95
41.9	2825.97
41.91	2825.99
41.92	2826
41.93	2826.02
41.94	2826.04
41.95	2826.05
41.96	2826.07
41.97	2826.09
41.98	2826.1
41.99	2826.12
42	2826.13
42.01	2826.15
42.02	2826.16
42.03	2826.17
42.04	2826.19
42.05	2826.2
42.06	2826.21
42.07	2826.23
42.08	2826.24
42.09	2826.25
42.1	2826.26
42.11	2826.27
42.12	2826.29
42.13	2826.3
42.14	2826.31
42.15	2826.32
42.16	2826.33
42.17	2826.34
42.18	2826.35
42.19	2826.36
42.2	2826.36
42.21	2826.37
42.22	2826.38
42.23	2826.39
42.24	2826.4
42.25	2826.4
42.26	2826.41
42.27	2826.42
42.28	2826.42
42.29	2826.43
42.3	2826.43
42.31	2826.44
42.32	2826.45
42.33	2826.45
42.34	2826.45
42.35	2826.46
42.36	2826.46
42.37	2826.47
42.38	2826.47
42.39	2826.47
42.4	2826.47
42.41	2826.48
42.42	2826.48
42.43	2826.48
42.44	2826.48
42.45	2826.48
42.46	2826.48
42.47	2826.48
42.48	2826.49
42.49	2826.49
42.5	2826.48
42.51	2826.48
42.52	2826.48
42.53	2826.48
42.54	2826.48
42.55	2826.48
42.56	2826.48
42.57	2826.47
42.58	2826.47
42.59	2826.47
42.6	2826.46
42.61	2826.46
42.62	2826.46
42.63	2826.45
42.64	2826.45
42.65	2826.44
42.66	2826.44
42.67	2826.43
42.68	2826.43
42.69	2826.42
42.7	2826.42
42.71	2826.41
42.72	2826.4
42.73	2826.39
42.74	2826.39
42.75	2826.38
42.76	2826.37
42.77	2826.36
42.78	2826.35
42.79	2826.35
42.8	2826.34
42.81	2826.33
42.82	2826.32
42.83	2826.31
42.84	2826.3
42.85	2826.29
42.86	2826.27
42.87	2826.26
42.88	2826.25
42.89	2826.24
42.9	2826.23
42.91	2826.21
42.92	2826.2
42.93	2826.19
42.94	2826.18
42.95	2826.16
42.96	2826.15
42.97	2826.13
42.98	2826.12
42.99	2826.1
43	2826.09
43.01	2826.07
43.02	2826.06
43.03	2826.04
43.04	2826.03
43.05	2826.01
43.06	2825.99
43.07	2825.98
43.08	2825.96
43.09	2825.94
43.1	2825.92
43.11	2825.9
43.12	2825.89
43.13	2825.87
43.14	2825.85
43.15	2825.83
43.16	2825.81
43.17	2825.79
43.18	2825.77
43.19	2825.75
43.2	2825.73
43.21	2825.7
43.22	2825.68
43.23	2825.66
43.24	2825.64
43.25	2825.62
43.26	2825.59
43.27	2825.57
43.28	2825.55
43.29	2825.53
43.3	2825.5
43.31	2825.48
43.32	2825.45
43.33	2825.43
43.34	2825.4
43.35	2825.38
43.36	2825.35
43.37	2825.33
43.38	2825.3
43.39	2825.27
43.4	2825.25
43.41	2825.22
43.42	2825.19
43.43	2825.17
43.44	2825.14
43.45	2825.11
43.46	2825.08
43.47	2825.05
43.48	2825.03
43.49	2825
43.5	2824.97
43.51	2824.94
43.52	2824.91
43.53	2824.88
43.54	2824.85
43.55	2824.82
43.56	2824.78
43.57	2824.75
43.58	2824.72
43.59	2824.69
43.6	2824.66
43.61	2824.62
43.62	2824.59
43.63	2824.56
43.64	2824.53
43.65	2824.49
43.66	2824.46
43.67	2824.42
43.68	2824.39
43.69	2824.35
43.7	2824.32
43.71	2824.28
43.72	2824.25
43.73	2824.21
43.74	2824.18
43.75	2824.14
43.76	2824.1
43.77	2824.07
43.78	2824.03
43.79	2823.99
43.8	2823.95
43.81	2823.92
43.82	2823.88
43.83	2823.84
43.84	2823.8
43.85	2823.76
43.86	2823.72
43.87	2823.68
43.88	2823.64
43.89	2823.6
43.9	2823.56
43.91	2823.52
43.92	2823.48
43.93	2823.44
43.94	2823.4
43.95	2823.35
43.96	2823.31
43.97	2823.27
43.98	2823.23
43.99	2823.18
44	2823.14
44.01	2823.1
44.02	2823.05
44.03	2823.01
44.04	2822.96
44.05	2822.92
44.06	2822.87
44.07	2822.83
44.08	2822.78
44.09	2822.74
44.1	2822.69
44.11	2822.65
44.12	2822.6
44.13	2822.55
44.14	2822.5
44.15	2822.46
44.16	2822.41
44.17	2822.36
44.18	2822.31
44.19	2822.27
44.2	2822.22
44.21	2822.17
44.22	2822.12
44.23	2822.07
44.24	2822.02
44.25	2821.97
44.26	2821.92
44.27	2821.87
44.28	2821.82
44.29	2821.77
44.3	2821.71
44.31	2821.66
44.32	2821.61
44.33	2821.56
44.34	2821.51
44.35	2821.45
44.36	2821.4
44.37	2821.35
44.38	2821.29
44.39	2821.24
44.4	2821.19
44.41	2821.13
44.42	2821.08
44.43	2821.02
44.44	2820.97
44.45	2820.91
44.46	2820.86
44.47	2820.8
44.48	2820.74
44.49	2820.69
44.5	2820.63
44.51	2820.57
44.52	2820.52
44.53	2820.46
44.54	2820.4
44.55	2820.34
44.56	2820.28
44.57	2820.23
44.58	2820.17
44.59	2820.11
44.6	2820.05
44.61	2819.99
44.62	2819.93
44.63	2819.87
44.64	2819.81
44.65	2819.75
44.66	2819.69
44.67	2819.62
44.68	2819.56
44.69	2819.5
44.7	2819.44
44.71	2819.38
44.72	2819.31
44.73	2819.25
44.74	2819.19
44.75	2819.13
44.76	2819.06
44.77	2819
44.78	2818.93
44.79	2818.87
44.8	2818.8
44.81	2818.74
44.82	2818.67
44.83	2818.61
44.84	2818.54
44.85	2818.48
44.86	2818.41
44.87	2818.35
44.88	2818.28
44.89	2818.21
44.9	2818.14
44.91	2818.08
44.92	2818.01
44.93	2817.94
44.94	2817.87
44.95	2817.8
44.96	2817.74
44.97	2817.67
44.98	2817.6
44.99	2817.53
45	2817.46
45.01	2817.39
45.02	2817.32
45.03	2817.25
45.04	2817.18
45.05	2817.1
45.06	2817.03
45.07	2816.96
45.08	2816.89
45.09	2816.82
45.1	2816.75
45.11	2816.67
45.12	2816.6
45.13	2816.53
45.14	2816.45
45.15	2816.38
45.16	2816.31
45.17	2816.23
45.18	2816.16
45.19	2816.08
45.2	2816.01
45.21	2815.93
45.22	2815.86
45.23	2815.78
45.24	2815.71
45.25	2815.63
45.26	2815.55
45.27	2815.48
45.28	2815.4
45.29	2815.32
45.3	2815.24
45.31	2815.17
45.32	2815.09
45.33	2815.01
45.34	2814.93
45.35	2814.85
45.36	2814.77
45.37	2814.7
45.38	2814.62
45.39	2814.54
45.4	2814.46
45.41	2814.38
45.42	2814.3
45.43	2814.22
45.44	2814.13
45.45	2814.05
45.46	2813.97
45.47	2813.89
45.48	2813.81
45.49	2813.73
45.5	2813.64
45.51	2813.56
45.52	2813.48
45.53	2813.39
45.54	2813.31
45.55	2813.23
45.56	2813.14
45.57	2813.06
45.58	2812.97
45.59	2812.89
45.6	2812.81
45.61	2812.72
45.62	2812.63
45.63	2812.55
45.64	2812.46
45.65	2812.38
45.66	2812.29
45.67	2812.2
45.68	2812.12
45.69	2812.03
45.7	2811.94
45.71	2811.85
45.72	2811.77
45.73	2811.68
45.74	2811.59
45.75	2811.5
45.76	2811.41
45.77	2811.32
45.78	2811.23
45.79	2811.14
45.8	2811.05
45.81	2810.96
45.82	2810.87
45.83	2810.78
45.84	2810.69
45.85	2810.6
45.86	2810.51
45.87	2810.42
45.88	2810.33
45.89	2810.24
45.9	2810.14
45.91	2810.05
45.92	2809.96
45.93	2809.86
45.94	2809.77
45.95	2809.68
45.96	2809.58
45.97	2809.49
45.98	2809.4
45.99	2809.3
46	2809.21
46.01	2809.11
46.02	2809.02
46.03	2808.92
46.04	2808.83
46.05	2808.73
46.06	2808.63
46.07	2808.54
46.08	2808.44
46.09	2808.34
46.1	2808.25
46.11	2808.15
46.12	2808.05
46.13	2807.95
46.14	2807.86
46.15	2807.76
46.16	2807.66
46.17	2807.56
46.18	2807.46
46.19	2807.36
46.2	2807.26
46.21	2807.16
46.22	2807.06
46.23	2806.96
46.24	2806.86
46.25	2806.76
46.26	2806.66
46.27	2806.56
46.28	2806.46
46.29	2806.36
46.3	2806.25
46.31	2806.15
46.32	2806.05
46.33	2805.95
46.34	2805.84
46.35	2805.74
46.36	2805.64
46.37	2805.53
46.38	2805.43
46.39	2805.33
46.4	2805.22
46.41	2805.12
46.42	2805.01
46.43	2804.91
46.44	2804.8
46.45	2804.7
46.46	2804.59
46.47	2804.49
46.48	2804.38
46.49	2804.27
46.5	2804.17
46.51	2804.06
46.52	2803.95
46.53	2803.85
46.54	2803.74
46.55	2803.63
46.56	2803.52
46.57	2803.41
46.58	2803.31
46.59	2803.2
46.6	2803.09
46.61	2802.98
46.62	2802.87
46.63	2802.76
46.64	2802.65
46.65	2802.54
46.66	2802.43
46.67	2802.32
46.68	2802.21
46.69	2802.1
46.7	2801.99
46.71	2801.88
46.72	2801.76
46.73	2801.65
46.74	2801.54
46.75	2801.43
46.76	2801.32
46.77	2801.2
46.78	2801.09
46.79	2800.98
46.8	2800.86
46.81	2800.75
46.82	2800.63
46.83	2800.52
46.84	2800.41
46.85	2800.29
46.86	2800.18
46.87	2800.06
46.88	2799.95
46.89	2799.83
46.9	2799.71
46.91	2799.6
46.92	2799.48
46.93	2799.37
46.94	2799.25
46.95	2799.13
46.96	2799.02
46.97	2798.9
46.98	2798.78
46.99	2798.66
47	2798.54
47.01	2798.43
47.02	2798.31
47.03	2798.19
47.04	2798.07
47.05	2797.95
47.06	2797.83
47.07	2797.71
47.08	2797.59
47.09	2797.47
47.1	2797.35
47.11	2797.23
47.12	2797.11
47.13	2796.99
47.14	2796.87
47.15	2796.75
47.16	2796.63
47.17	2796.5
47.18	2796.38
47.19	2796.26
47.2	2796.14
47.21	2796.01
47.22	2795.89
47.23	2795.77
47.24	2795.64
47.25	2795.52
47.26	2795.4
47.27	2795.27
47.28	2795.15
47.29	2795.02
47.3	2794.9
47.31	2794.77
47.32	2794.65
47.33	2794.52
47.34	2794.4
47.35	2794.27
47.36	2794.15
47.37	2794.02
47.38	2793.89
47.39	2793.77
47.4	2793.64
47.41	2793.51
47.42	2793.39
47.43	2793.26
47.44	2793.13
47.45	2793
47.46	2792.87
47.47	2792.74
47.48	2792.62
47.49	2792.49
47.5	2792.36
47.51	2792.23
47.52	2792.1
47.53	2791.97
47.54	2791.84
47.55	2791.71
47.56	2791.58
47.57	2791.45
47.58	2791.32
47.59	2791.19
47.6	2791.06
47.61	2790.92
47.62	2790.79
47.63	2790.66
47.64	2790.53
47.65	2790.4
47.66	2790.26
47.67	2790.13
47.68	2790
47.69	2789.86
47.7	2789.73
47.71	2789.6
47.72	2789.46
47.73	2789.33
47.74	2789.19
47.75	2789.06
47.76	2788.92
47.77	2788.79
47.78	2788.65
47.79	2788.52
47.8	2788.38
47.81	2788.25
47.82	2788.11
47.83	2787.98
47.84	2787.84
47.85	2787.7
47.86	2787.57
47.87	2787.43
47.88	2787.29
47.89	2787.15
47.9	2787.02
47.91	2786.88
47.92	2786.74
47.93	2786.6
47.94	2786.46
47.95	2786.32
47.96	2786.19
47.97	2786.05
47.98	2785.91
47.99	2785.77
48	2785.63
48.01	2785.49
48.02	2785.35
48.03	2785.21
48.04	2785.07
48.05	2784.93
48.06	2784.78
48.07	2784.64
48.08	2784.5
48.09	2784.36
48.1	2784.22
48.11	2784.08
48.12	2783.93
48.13	2783.79
48.14	2783.65
48.15	2783.5
48.16	2783.36
48.17	2783.22
48.18	2783.07
48.19	2782.93
48.2	2782.79
48.21	2782.64
48.22	2782.5
48.23	2782.35
48.24	2782.21
48.25	2782.06
48.26	2781.92
48.27	2781.77
48.28	2781.63
48.29	2781.48
48.3	2781.34
48.31	2781.19
48.32	2781.04
48.33	2780.9
48.34	2780.75
48.35	2780.6
48.36	2780.45
48.37	2780.31
48.38	2780.16
48.39	2780.01
48.4	2779.86
48.41	2779.72
48.42	2779.57
48.43	2779.42
48.44	2779.27
48.45	2779.12
48.46	2778.97
48.47	2778.82
48.48	2778.67
48.49	2778.52
48.5	2778.37
48.51	2778.22
48.52	2778.07
48.53	2777.92
48.54	2777.77
48.55	2777.62
48.56	2777.47
48.57	2777.31
48.58	2777.16
48.59	2777.01
48.6	2776.86
48.61	2776.71
48.62	2776.55
48.63	2776.4
48.64	2776.25
48.65	2776.09
48.66	2775.94
48.67	2775.79
48.68	2775.63
48.69	2775.48
48.7	2775.33
48.71	2775.17
48.72	2775.02
48.73	2774.86
48.74	2774.71
48.75	2774.55
48.76	2774.4
48.77	2774.24
48.78	2774.09
48.79	2773.93
48.8	2773.77
48.81	2773.62
48.82	2773.46
48.83	2773.3
48.84	2773.15
48.85	2772.99
48.86	2772.83
48.87	2772.67
48.88	2772.52
48.89	2772.36
48.9	2772.2
48.91	2772.04
48.92	2771.88
48.93	2771.73
48.94	2771.57
48.95	2771.41
48.96	2771.25
48.97	2771.09
48.98	2770.93
48.99	2770.77
49	2770.61
49.01	2770.45
49.02	2770.29
49.03	2770.13
49.04	2769.97
49.05	2769.81
49.06	2769.64
49.07	2769.48
49.08	2769.32
49.09	2769.16
49.1	2769
49.11	2768.84
49.12	2768.67
49.13	2768.51
49.14	2768.35
49.15	2768.18
49.16	2768.02
49.17	2767.86
49.18	2767.69
49.19	2767.53
49.2	2767.37
49.21	2767.2
49.22	2767.04
49.23	2766.87
49.24	2766.71
49.25	2766.54
49.26	2766.38
49.27	2766.21
49.28	2766.05
49.29	2765.88
49.3	2765.72
49.31	2765.55
49.32	2765.39
49.33	2765.22
49.34	2765.05
49.35	2764.89
49.36	2764.72
49.37	2764.55
49.38	2764.38
49.39	2764.22
49.4	2764.05
49.41	2763.88
49.42	2763.71
49.43	2763.54
49.44	2763.38
49.45	2763.21
49.46	2763.04
49.47	2762.87
49.48	2762.7
49.49	2762.53
49.5	2762.36
49.51	2762.19
49.52	2762.02
49.53	2761.85
49.54	2761.68
49.55	2761.51
49.56	2761.34
49.57	2761.17
49.58	2761
49.59	2760.83
49.6	2760.65
49.61	2760.48
49.62	2760.31
49.63	2760.14
49.64	2759.97
49.65	2759.79
49.66	2759.62
49.67	2759.45
49.68	2759.28
49.69	2759.1
49.7	2758.93
49.71	2758.76
49.72	2758.58
49.73	2758.41
49.74	2758.23
49.75	2758.06
49.76	2757.89
49.77	2757.71
49.78	2757.54
49.79	2757.36
49.8	2757.19
49.81	2757.01
49.82	2756.83
49.83	2756.66
49.84	2756.48
49.85	2756.31
49.86	2756.13
49.87	2755.95
49.88	2755.78
49.89	2755.6
49.9	2755.42
49.91	2755.25
49.92	2755.07
49.93	2754.89
49.94	2754.71
49.95	2754.54
49.96	2754.36
49.97	2754.18
49.98	2754
49.99	2753.82
50	2753.64
