E	sigma
0.01	4231.62
0.02	4297.42
0.03	4402.2
0.04	4534.39
0.05	4685.55
0.06	4849.41
0.07	5021.34
0.08	5197.82
0.09	5376.23
0.1	5554.56
0.11	5731.3
0.12	5905.32
0.13	6075.77
0.14	6242.03
0.15	6403.62
0.16	6560.24
0.17	6711.66
0.18	6857.76
0.19	6998.47
0.2	7133.77
0.21	7263.69
0.22	7388.29
0.23	7507.67
0.24	7621.95
0.25	7731.27
0.26	7835.83
0.27	7935.84
0.28	8031.63
0.29	8123.65
0.3	8212.61
0.31	8299.81
0.32	8387.85
0.33	8482.81
0.34	8601.79
0.35	8808.27
0.36	9496.57
0.37	21725.8
0.38	12929.4
0.39	9653.58
0.4	9238
0.41	9130.58
0.42	9102.71
0.43	9103.57
0.44	9116.53
0.45	9134.83
0.46	9155.28
0.47	9176.25
0.48	9196.83
0.49	9216.51
0.5	9234.97
0.51	9252.04
0.52	9267.61
0.53	9281.63
0.54	9294.09
0.55	9304.98
0.56	9314.31
0.57	9322.11
0.58	9328.41
0.59	9333.24
0.6	9336.64
0.61	9338.64
0.62	9339.3
0.63	9338.64
0.64	9336.71
0.65	9333.55
0.66	9329.19
0.67	9323.69
0.68	9317.07
0.69	9309.37
0.7	9300.63
0.71	9290.88
0.72	9280.17
0.73	9268.51
0.74	9255.96
0.75	9242.53
0.76	9228.25
0.77	9213.17
0.78	9197.31
0.79	9180.69
0.8	9163.34
0.81	9145.29
0.82	9126.57
0.83	9107.2
0.84	9087.21
0.85	9066.61
0.86	9045.43
0.87	9023.7
0.88	9001.43
0.89	8978.64
0.9	8955.36
0.91	8931.61
0.92	8907.39
0.93	8882.74
0.94	8857.66
0.95	8832.19
0.96	8806.32
0.97	8780.08
0.98	8753.49
0.99	8726.56
1	8699.29
1.01	8671.72
1.02	8643.85
1.03	8615.69
1.04	8587.27
1.05	8558.58
1.06	8529.64
1.07	8500.47
1.08	8471.08
1.09	8441.47
1.1	8411.66
1.11	8381.65
1.12	8351.47
1.13	8321.11
1.14	8290.59
1.15	8259.92
1.16	8229.1
1.17	8198.14
1.18	8167.06
1.19	8135.86
1.2	8104.55
1.21	8073.13
1.22	8041.62
1.23	8010.02
1.24	7978.34
1.25	7946.58
1.26	7914.75
1.27	7882.86
1.28	7850.92
1.29	7818.93
1.3	7786.89
1.31	7754.81
1.32	7722.7
1.33	7690.56
1.34	7658.4
1.35	7626.23
1.36	7594.04
1.37	7561.84
1.38	7529.64
1.39	7497.44
1.4	7465.25
1.41	7433.06
1.42	7400.89
1.43	7368.74
1.44	7336.61
1.45	7304.51
1.46	7272.43
1.47	7240.39
1.48	7208.39
1.49	7176.42
1.5	7144.49
1.51	7112.61
1.52	7080.78
1.53	7049.01
1.54	7017.28
1.55	6985.61
1.56	6954.01
1.57	6922.46
1.58	6890.98
1.59	6859.57
1.6	6828.22
1.61	6796.95
1.62	6765.75
1.63	6734.63
1.64	6703.59
1.65	6672.62
1.66	6641.74
1.67	6610.94
1.68	6580.23
1.69	6549.61
1.7	6519.07
1.71	6488.63
1.72	6458.28
1.73	6428.02
1.74	6397.86
1.75	6367.8
1.76	6337.83
1.77	6307.96
1.78	6278.2
1.79	6248.53
1.8	6218.97
1.81	6189.52
1.82	6160.17
1.83	6130.93
1.84	6101.79
1.85	6072.77
1.86	6043.85
1.87	6015.05
1.88	5986.35
1.89	5957.77
1.9	5929.3
1.91	5900.95
1.92	5872.71
1.93	5844.59
1.94	5816.59
1.95	5788.7
1.96	5760.93
1.97	5733.27
1.98	5705.74
1.99	5678.33
2	5651.03
2.01	5623.86
2.02	5596.81
2.03	5569.88
2.04	5543.07
2.05	5516.39
2.06	5489.82
2.07	5463.38
2.08	5437.07
2.09	5410.88
2.1	5384.81
2.11	5358.87
2.12	5333.05
2.13	5307.36
2.14	5281.79
2.15	5256.35
2.16	5231.04
2.17	5205.85
2.18	5180.79
2.19	5155.85
2.2	5131.04
2.21	5106.36
2.22	5081.8
2.23	5057.38
2.24	5033.08
2.25	5008.9
2.26	4984.86
2.27	4960.94
2.28	4937.14
2.29	4913.48
2.3	4889.94
2.31	4866.54
2.32	4843.25
2.33	4820.1
2.34	4797.07
2.35	4774.17
2.36	4751.4
2.37	4728.76
2.38	4706.24
2.39	4683.85
2.4	4661.59
2.41	4639.45
2.42	4617.44
2.43	4595.56
2.44	4573.81
2.45	4552.18
2.46	4530.68
2.47	4509.3
2.48	4488.05
2.49	4466.93
2.5	4445.93
2.51	4425.06
2.52	4404.32
2.53	4383.7
2.54	4363.2
2.55	4342.83
2.56	4322.58
2.57	4302.46
2.58	4282.47
2.59	4262.6
2.6	4242.85
2.61	4223.22
2.62	4203.72
2.63	4184.35
2.64	4165.09
2.65	4145.96
2.66	4126.95
2.67	4108.07
2.68	4089.3
2.69	4070.66
2.7	4052.14
2.71	4033.74
2.72	4015.46
2.73	3997.3
2.74	3979.27
2.75	3961.35
2.76	3943.55
2.77	3925.88
2.78	3908.32
2.79	3890.88
2.8	3873.56
2.81	3856.36
2.82	3839.28
2.83	3822.31
2.84	3805.46
2.85	3788.73
2.86	3772.12
2.87	3755.62
2.88	3739.24
2.89	3722.98
2.9	3706.83
2.91	3690.79
2.92	3674.88
2.93	3659.07
2.94	3643.38
2.95	3627.81
2.96	3612.34
2.97	3597
2.98	3581.76
2.99	3566.64
3	3551.63
3.01	3536.73
3.02	3521.94
3.03	3507.27
3.04	3492.71
3.05	3478.25
3.06	3463.91
3.07	3449.68
3.08	3435.56
3.09	3421.54
3.1	3407.64
3.11	3393.84
3.12	3380.15
3.13	3366.57
3.14	3353.1
3.15	3339.74
3.16	3326.48
3.17	3313.33
3.18	3300.28
3.19	3287.35
3.2	3274.51
3.21	3261.78
3.22	3249.16
3.23	3236.64
3.24	3224.23
3.25	3211.92
3.26	3199.71
3.27	3187.6
3.28	3175.6
3.29	3163.7
3.3	3151.91
3.31	3140.21
3.32	3128.62
3.33	3117.13
3.34	3105.73
3.35	3094.44
3.36	3083.25
3.37	3072.16
3.38	3061.17
3.39	3050.27
3.4	3039.48
3.41	3028.78
3.42	3018.18
3.43	3007.68
3.44	2997.28
3.45	2986.97
3.46	2976.76
3.47	2966.65
3.48	2956.63
3.49	2946.71
3.5	2936.89
3.51	2927.15
3.52	2917.52
3.53	2907.98
3.54	2898.53
3.55	2889.17
3.56	2879.91
3.57	2870.74
3.58	2861.67
3.59	2852.69
3.6	2843.8
3.61	2835
3.62	2826.29
3.63	2817.67
3.64	2809.15
3.65	2800.71
3.66	2792.37
3.67	2784.12
3.68	2775.95
3.69	2767.88
3.7	2759.89
3.71	2751.99
3.72	2744.18
3.73	2736.46
3.74	2728.83
3.75	2721.28
3.76	2713.82
3.77	2706.45
3.78	2699.17
3.79	2691.97
3.8	2684.86
3.81	2677.83
3.82	2670.89
3.83	2664.03
3.84	2657.26
3.85	2650.58
3.86	2643.97
3.87	2637.46
3.88	2631.02
3.89	2624.67
3.9	2618.41
3.91	2612.22
3.92	2606.12
3.93	2600.1
3.94	2594.17
3.95	2588.31
3.96	2582.54
3.97	2576.85
3.98	2571.24
3.99	2565.71
4	2560.26
4.01	2554.9
4.02	2549.61
4.03	2544.4
4.04	2539.28
4.05	2534.23
4.06	2529.26
4.07	2524.37
4.08	2519.56
4.09	2514.83
4.1	2510.17
4.11	2505.6
4.12	2501.1
4.13	2496.68
4.14	2492.34
4.15	2488.07
4.16	2483.89
4.17	2479.77
4.18	2475.74
4.19	2471.78
4.2	2467.9
4.21	2464.09
4.22	2460.36
4.23	2456.71
4.24	2453.13
4.25	2449.62
4.26	2446.19
4.27	2442.84
4.28	2439.55
4.29	2436.35
4.3	2433.22
4.31	2430.16
4.32	2427.17
4.33	2424.26
4.34	2421.42
4.35	2418.66
4.36	2415.97
4.37	2413.35
4.38	2410.8
4.39	2408.33
4.4	2405.93
4.41	2403.6
4.42	2401.34
4.43	2399.15
4.44	2397.04
4.45	2394.99
4.46	2393.02
4.47	2391.12
4.48	2389.29
4.49	2387.53
4.5	2385.84
4.51	2384.22
4.52	2382.67
4.53	2381.19
4.54	2379.79
4.55	2378.45
4.56	2377.18
4.57	2375.98
4.58	2374.84
4.59	2373.78
4.6	2372.79
4.61	2371.86
4.62	2371.01
4.63	2370.22
4.64	2369.5
4.65	2368.85
4.66	2368.26
4.67	2367.75
4.68	2367.3
4.69	2366.92
4.7	2366.61
4.71	2366.36
4.72	2366.18
4.73	2366.07
4.74	2366.02
4.75	2366.04
4.76	2366.13
4.77	2366.28
4.78	2366.5
4.79	2366.79
4.8	2367.14
4.81	2367.55
4.82	2368.04
4.83	2368.58
4.84	2369.2
4.85	2369.87
4.86	2370.62
4.87	2371.42
4.88	2372.3
4.89	2373.23
4.9	2374.23
4.91	2375.3
4.92	2376.43
4.93	2377.62
4.94	2378.87
4.95	2380.19
4.96	2381.57
4.97	2383.02
4.98	2384.53
4.99	2386.1
5	2387.73
5.01	2389.43
5.02	2391.19
5.03	2393.01
5.04	2394.89
5.05	2396.84
5.06	2398.84
5.07	2400.91
5.08	2403.04
5.09	2405.23
5.1	2407.48
5.11	2409.79
5.12	2412.16
5.13	2414.59
5.14	2417.09
5.15	2419.64
5.16	2422.25
5.17	2424.92
5.18	2427.65
5.19	2430.44
5.2	2433.29
5.21	2436.2
5.22	2439.16
5.23	2442.19
5.24	2445.27
5.25	2448.41
5.26	2451.61
5.27	2454.86
5.28	2458.18
5.29	2461.55
5.3	2464.97
5.31	2468.46
5.32	2471.99
5.33	2475.59
5.34	2479.24
5.35	2482.95
5.36	2486.71
5.37	2490.53
5.38	2494.4
5.39	2498.32
5.4	2502.31
5.41	2506.34
5.42	2510.43
5.43	2514.57
5.44	2518.76
5.45	2523.01
5.46	2527.31
5.47	2531.67
5.48	2536.07
5.49	2540.53
5.5	2545.04
5.51	2549.6
5.52	2554.21
5.53	2558.87
5.54	2563.58
5.55	2568.34
5.56	2573.15
5.57	2578.01
5.58	2582.92
5.59	2587.87
5.6	2592.88
5.61	2597.93
5.62	2603.03
5.63	2608.18
5.64	2613.38
5.65	2618.62
5.66	2623.9
5.67	2629.24
5.68	2634.62
5.69	2640.04
5.7	2645.51
5.71	2651.02
5.72	2656.58
5.73	2662.18
5.74	2667.82
5.75	2673.51
5.76	2679.24
5.77	2685.01
5.78	2690.82
5.79	2696.67
5.8	2702.56
5.81	2708.5
5.82	2714.47
5.83	2720.48
5.84	2726.54
5.85	2732.63
5.86	2738.76
5.87	2744.92
5.88	2751.12
5.89	2757.37
5.9	2763.64
5.91	2769.95
5.92	2776.3
5.93	2782.68
5.94	2789.1
5.95	2795.55
5.96	2802.04
5.97	2808.55
5.98	2815.1
5.99	2821.69
6	2828.3
6.01	2834.95
6.02	2841.62
6.03	2848.33
6.04	2855.06
6.05	2861.83
6.06	2868.62
6.07	2875.44
6.08	2882.29
6.09	2889.17
6.1	2896.07
6.11	2903
6.12	2909.95
6.13	2916.93
6.14	2923.93
6.15	2930.96
6.16	2938.01
6.17	2945.09
6.18	2952.18
6.19	2959.3
6.2	2966.44
6.21	2973.6
6.22	2980.78
6.23	2987.98
6.24	2995.21
6.25	3002.44
6.26	3009.7
6.27	3016.98
6.28	3024.27
6.29	3031.58
6.3	3038.9
6.31	3046.24
6.32	3053.6
6.33	3060.97
6.34	3068.35
6.35	3075.75
6.36	3083.16
6.37	3090.58
6.38	3098.01
6.39	3105.46
6.4	3112.91
6.41	3120.38
6.42	3127.85
6.43	3135.34
6.44	3142.83
6.45	3150.33
6.46	3157.84
6.47	3165.36
6.48	3172.88
6.49	3180.41
6.5	3187.94
6.51	3195.48
6.52	3203.02
6.53	3210.57
6.54	3218.12
6.55	3225.67
6.56	3233.23
6.57	3240.79
6.58	3248.34
6.59	3255.9
6.6	3263.46
6.61	3271.02
6.62	3278.58
6.63	3286.14
6.64	3293.69
6.65	3301.25
6.66	3308.8
6.67	3316.35
6.68	3323.89
6.69	3331.43
6.7	3338.96
6.71	3346.49
6.72	3354.02
6.73	3361.54
6.74	3369.05
6.75	3376.56
6.76	3384.05
6.77	3391.55
6.78	3399.03
6.79	3406.5
6.8	3413.97
6.81	3421.42
6.82	3428.87
6.83	3436.3
6.84	3443.72
6.85	3451.14
6.86	3458.54
6.87	3465.93
6.88	3473.3
6.89	3480.67
6.9	3488.02
6.91	3495.36
6.92	3502.68
6.93	3509.99
6.94	3517.28
6.95	3524.56
6.96	3531.83
6.97	3539.07
6.98	3546.31
6.99	3553.52
7	3560.72
7.01	3567.9
7.02	3575.07
7.03	3582.21
7.04	3589.34
7.05	3596.45
7.06	3603.54
7.07	3610.61
7.08	3617.67
7.09	3624.7
7.1	3631.71
7.11	3638.7
7.12	3645.68
7.13	3652.63
7.14	3659.56
7.15	3666.47
7.16	3673.36
7.17	3680.22
7.18	3687.07
7.19	3693.89
7.2	3700.69
7.21	3707.46
7.22	3714.21
7.23	3720.94
7.24	3727.65
7.25	3734.33
7.26	3740.99
7.27	3747.63
7.28	3754.24
7.29	3760.82
7.3	3767.39
7.31	3773.92
7.32	3780.43
7.33	3786.92
7.34	3793.38
7.35	3799.82
7.36	3806.23
7.37	3812.61
7.38	3818.97
7.39	3825.3
7.4	3831.61
7.41	3837.89
7.42	3844.14
7.43	3850.37
7.44	3856.57
7.45	3862.75
7.46	3868.89
7.47	3875.01
7.48	3881.11
7.49	3887.17
7.5	3893.21
7.51	3899.22
7.52	3905.21
7.53	3911.16
7.54	3917.09
7.55	3922.99
7.56	3928.87
7.57	3934.72
7.58	3940.53
7.59	3946.33
7.6	3952.09
7.61	3957.82
7.62	3963.53
7.63	3969.21
7.64	3974.86
7.65	3980.49
7.66	3986.09
7.67	3991.65
7.68	3997.19
7.69	4002.71
7.7	4008.19
7.71	4013.65
7.72	4019.08
7.73	4024.48
7.74	4029.86
7.75	4035.2
7.76	4040.52
7.77	4045.81
7.78	4051.07
7.79	4056.31
7.8	4061.52
7.81	4066.7
7.82	4071.85
7.83	4076.98
7.84	4082.08
7.85	4087.15
7.86	4092.2
7.87	4097.21
7.88	4102.2
7.89	4107.17
7.9	4112.11
7.91	4117.02
7.92	4121.9
7.93	4126.76
7.94	4131.59
7.95	4136.4
7.96	4141.18
7.97	4145.93
7.98	4150.66
7.99	4155.36
8	4160.04
8.01	4164.69
8.02	4169.32
8.03	4173.92
8.04	4178.49
8.05	4183.04
8.06	4187.57
8.07	4192.07
8.08	4196.55
8.09	4201.01
8.1	4205.44
8.11	4209.84
8.12	4214.23
8.13	4218.58
8.14	4222.92
8.15	4227.23
8.16	4231.52
8.17	4235.79
8.18	4240.04
8.19	4244.26
8.2	4248.46
8.21	4252.64
8.22	4256.8
8.23	4260.94
8.24	4265.06
8.25	4269.15
8.26	4273.23
8.27	4277.28
8.28	4281.32
8.29	4285.33
8.3	4289.33
8.31	4293.3
8.32	4297.26
8.33	4301.2
8.34	4305.12
8.35	4309.02
8.36	4312.91
8.37	4316.78
8.38	4320.63
8.39	4324.46
8.4	4328.28
8.41	4332.08
8.42	4335.87
8.43	4339.64
8.44	4343.39
8.45	4347.13
8.46	4350.86
8.47	4354.57
8.48	4358.27
8.49	4361.95
8.5	4365.62
8.51	4369.28
8.52	4372.93
8.53	4376.56
8.54	4380.19
8.55	4383.8
8.56	4387.4
8.57	4391
8.58	4394.58
8.59	4398.15
8.6	4401.72
8.61	4405.28
8.62	4408.83
8.63	4412.37
8.64	4415.9
8.65	4419.43
8.66	4422.96
8.67	4426.48
8.68	4429.99
8.69	4433.5
8.7	4437.01
8.71	4440.51
8.72	4444.01
8.73	4447.51
8.74	4451.01
8.75	4454.51
8.76	4458.01
8.77	4461.51
8.78	4465.01
8.79	4468.51
8.8	4472.02
8.81	4475.53
8.82	4479.04
8.83	4482.56
8.84	4486.08
8.85	4489.61
8.86	4493.15
8.87	4496.7
8.88	4500.25
8.89	4503.82
8.9	4507.39
8.91	4510.98
8.92	4514.58
8.93	4518.19
8.94	4521.82
8.95	4525.46
8.96	4529.12
8.97	4532.79
8.98	4536.49
8.99	4540.2
9	4543.93
9.01	4547.68
9.02	4551.46
9.03	4555.26
9.04	4559.08
9.05	4562.94
9.06	4566.81
9.07	4570.72
9.08	4574.65
9.09	4578.62
9.1	4582.62
9.11	4586.65
9.12	4590.72
9.13	4594.83
9.14	4598.97
9.15	4603.15
9.16	4607.37
9.17	4611.64
9.18	4615.95
9.19	4620.31
9.2	4624.71
9.21	4629.16
9.22	4633.67
9.23	4638.23
9.24	4642.84
9.25	4647.51
9.26	4652.24
9.27	4657.03
9.28	4661.88
9.29	4666.8
9.3	4671.78
9.31	4676.84
9.32	4681.96
9.33	4687.17
9.34	4692.44
9.35	4697.8
9.36	4703.24
9.37	4708.76
9.38	4714.37
9.39	4720.07
9.4	4725.87
9.41	4731.75
9.42	4737.74
9.43	4743.83
9.44	4750.02
9.45	4756.32
9.46	4762.74
9.47	4769.26
9.48	4775.91
9.49	4782.67
9.5	4789.57
9.51	4796.59
9.52	4803.74
9.53	4811.03
9.54	4818.46
9.55	4826.03
9.56	4833.76
9.57	4841.63
9.58	4849.67
9.59	4857.87
9.6	4866.23
9.61	4874.76
9.62	4883.48
9.63	4892.37
9.64	4901.45
9.65	4910.72
9.66	4920.19
9.67	4929.86
9.68	4939.74
9.69	4949.83
9.7	4960.14
9.71	4970.67
9.72	4981.44
9.73	4992.45
9.74	5003.7
9.75	5015.2
9.76	5026.95
9.77	5038.97
9.78	5051.26
9.79	5063.83
9.8	5076.68
9.81	5089.82
9.82	5103.27
9.83	5117.01
9.84	5131.07
9.85	5145.45
9.86	5160.16
9.87	5175.21
9.88	5190.6
9.89	5206.34
9.9	5222.44
9.91	5238.9
9.92	5255.74
9.93	5272.97
9.94	5290.59
9.95	5308.6
9.96	5327.02
9.97	5345.86
9.98	5365.12
9.99	5384.81
10	5404.94
10.01	5425.52
10.02	5446.54
10.03	5468.03
10.04	5489.98
10.05	5512.41
10.06	5535.31
10.07	5558.71
10.08	5582.59
10.09	5606.97
10.1	5631.85
10.11	5657.23
10.12	5683.12
10.13	5709.53
10.14	5736.44
10.15	5763.88
10.16	5791.83
10.17	5820.29
10.18	5849.27
10.19	5878.77
10.2	5908.77
10.21	5939.28
10.22	5970.29
10.23	6001.8
10.24	6033.79
10.25	6066.26
10.26	6099.19
10.27	6132.59
10.28	6166.42
10.29	6200.67
10.3	6235.34
10.31	6270.39
10.32	6305.81
10.33	6341.58
10.34	6377.67
10.35	6414.06
10.36	6450.71
10.37	6487.6
10.38	6524.69
10.39	6561.95
10.4	6599.35
10.41	6636.84
10.42	6674.39
10.43	6711.94
10.44	6749.47
10.45	6786.93
10.46	6824.26
10.47	6861.42
10.48	6898.36
10.49	6935.03
10.5	6971.37
10.51	7007.34
10.52	7042.88
10.53	7077.93
10.54	7112.45
10.55	7146.38
10.56	7179.65
10.57	7212.23
10.58	7244.06
10.59	7275.08
10.6	7305.25
10.61	7334.51
10.62	7362.82
10.63	7390.13
10.64	7416.4
10.65	7441.58
10.66	7465.65
10.67	7488.55
10.68	7510.27
10.69	7530.76
10.7	7550.01
10.71	7567.98
10.72	7584.66
10.73	7600.04
10.74	7614.09
10.75	7626.81
10.76	7638.2
10.77	7648.24
10.78	7656.95
10.79	7664.32
10.8	7670.37
10.81	7675.11
10.82	7678.54
10.83	7680.69
10.84	7681.57
10.85	7681.21
10.86	7679.64
10.87	7676.87
10.88	7672.95
10.89	7667.9
10.9	7661.75
10.91	7654.53
10.92	7646.29
10.93	7637.07
10.94	7626.88
10.95	7615.79
10.96	7603.82
10.97	7591.01
10.98	7577.41
10.99	7563.05
11	7547.97
11.01	7532.21
11.02	7515.81
11.03	7498.82
11.04	7481.25
11.05	7463.16
11.06	7444.58
11.07	7425.55
11.08	7406.09
11.09	7386.25
11.1	7366.05
11.11	7345.54
11.12	7324.73
11.13	7303.65
11.14	7282.35
11.15	7260.83
11.16	7239.14
11.17	7217.29
11.18	7195.31
11.19	7173.22
11.2	7151.05
11.21	7128.81
11.22	7106.52
11.23	7084.2
11.24	7061.87
11.25	7039.55
11.26	7017.25
11.27	6994.99
11.28	6972.77
11.29	6950.62
11.3	6928.54
11.31	6906.55
11.32	6884.66
11.33	6862.87
11.34	6841.2
11.35	6819.65
11.36	6798.23
11.37	6776.95
11.38	6755.82
11.39	6734.83
11.4	6714.01
11.41	6693.34
11.42	6672.84
11.43	6652.5
11.44	6632.34
11.45	6612.36
11.46	6592.56
11.47	6572.93
11.48	6553.49
11.49	6534.23
11.5	6515.16
11.51	6496.28
11.52	6477.58
11.53	6459.07
11.54	6440.75
11.55	6422.63
11.56	6404.68
11.57	6386.93
11.58	6369.37
11.59	6351.99
11.6	6334.81
11.61	6317.8
11.62	6300.99
11.63	6284.35
11.64	6267.9
11.65	6251.64
11.66	6235.55
11.67	6219.64
11.68	6203.91
11.69	6188.35
11.7	6172.97
11.71	6157.76
11.72	6142.72
11.73	6127.86
11.74	6113.15
11.75	6098.62
11.76	6084.24
11.77	6070.03
11.78	6055.98
11.79	6042.08
11.8	6028.34
11.81	6014.75
11.82	6001.32
11.83	5988.03
11.84	5974.9
11.85	5961.9
11.86	5949.05
11.87	5936.35
11.88	5923.78
11.89	5911.35
11.9	5899.05
11.91	5886.89
11.92	5874.86
11.93	5862.97
11.94	5851.19
11.95	5839.55
11.96	5828.03
11.97	5816.63
11.98	5805.35
11.99	5794.19
12	5783.15
12.01	5772.22
12.02	5761.4
12.03	5750.7
12.04	5740.11
12.05	5729.62
12.06	5719.24
12.07	5708.97
12.08	5698.8
12.09	5688.73
12.1	5678.76
12.11	5668.89
12.12	5659.11
12.13	5649.43
12.14	5639.85
12.15	5630.36
12.16	5620.95
12.17	5611.64
12.18	5602.41
12.19	5593.28
12.2	5584.22
12.21	5575.25
12.22	5566.37
12.23	5557.56
12.24	5548.84
12.25	5540.19
12.26	5531.62
12.27	5523.12
12.28	5514.71
12.29	5506.36
12.3	5498.09
12.31	5489.89
12.32	5481.76
12.33	5473.7
12.34	5465.7
12.35	5457.78
12.36	5449.92
12.37	5442.12
12.38	5434.39
12.39	5426.72
12.4	5419.12
12.41	5411.57
12.42	5404.08
12.43	5396.66
12.44	5389.29
12.45	5381.98
12.46	5374.72
12.47	5367.52
12.48	5360.38
12.49	5353.29
12.5	5346.25
12.51	5339.27
12.52	5332.33
12.53	5325.45
12.54	5318.61
12.55	5311.83
12.56	5305.09
12.57	5298.4
12.58	5291.76
12.59	5285.16
12.6	5278.61
12.61	5272.1
12.62	5265.64
12.63	5259.22
12.64	5252.84
12.65	5246.51
12.66	5240.21
12.67	5233.96
12.68	5227.75
12.69	5221.57
12.7	5215.44
12.71	5209.34
12.72	5203.28
12.73	5197.26
12.74	5191.28
12.75	5185.33
12.76	5179.42
12.77	5173.54
12.78	5167.7
12.79	5161.89
12.8	5156.11
12.81	5150.37
12.82	5144.66
12.83	5138.98
12.84	5133.34
12.85	5127.72
12.86	5122.14
12.87	5116.58
12.88	5111.06
12.89	5105.57
12.9	5100.1
12.91	5094.66
12.92	5089.25
12.93	5083.87
12.94	5078.52
12.95	5073.19
12.96	5067.89
12.97	5062.62
12.98	5057.37
12.99	5052.15
13	5046.95
13.01	5041.78
13.02	5036.64
13.03	5031.51
13.04	5026.41
13.05	5021.34
13.06	5016.28
13.07	5011.25
13.08	5006.25
13.09	5001.26
13.1	4996.3
13.11	4991.36
13.12	4986.44
13.13	4981.54
13.14	4976.66
13.15	4971.8
13.16	4966.96
13.17	4962.14
13.18	4957.35
13.19	4952.57
13.2	4947.81
13.21	4943.07
13.22	4938.34
13.23	4933.64
13.24	4928.96
13.25	4924.29
13.26	4919.64
13.27	4915.01
13.28	4910.39
13.29	4905.79
13.3	4901.21
13.31	4896.65
13.32	4892.1
13.33	4887.57
13.34	4883.05
13.35	4878.55
13.36	4874.07
13.37	4869.6
13.38	4865.14
13.39	4860.7
13.4	4856.28
13.41	4851.87
13.42	4847.48
13.43	4843.09
13.44	4838.73
13.45	4834.38
13.46	4830.04
13.47	4825.71
13.48	4821.4
13.49	4817.1
13.5	4812.81
13.51	4808.54
13.52	4804.28
13.53	4800.03
13.54	4795.8
13.55	4791.58
13.56	4787.37
13.57	4783.17
13.58	4778.98
13.59	4774.81
13.6	4770.65
13.61	4766.49
13.62	4762.36
13.63	4758.23
13.64	4754.11
13.65	4750
13.66	4745.91
13.67	4741.82
13.68	4737.75
13.69	4733.68
13.7	4729.63
13.71	4725.59
13.72	4721.56
13.73	4717.53
13.74	4713.52
13.75	4709.52
13.76	4705.52
13.77	4701.54
13.78	4697.57
13.79	4693.6
13.8	4689.65
13.81	4685.7
13.82	4681.76
13.83	4677.84
13.84	4673.92
13.85	4670.01
13.86	4666.11
13.87	4662.22
13.88	4658.33
13.89	4654.46
13.9	4650.59
13.91	4646.73
13.92	4642.88
13.93	4639.04
13.94	4635.21
13.95	4631.38
13.96	4627.56
13.97	4623.75
13.98	4619.95
13.99	4616.16
14	4612.37
14.01	4608.59
14.02	4604.82
14.03	4601.05
14.04	4597.3
14.05	4593.55
14.06	4589.81
14.07	4586.07
14.08	4582.34
14.09	4578.62
14.1	4574.91
14.11	4571.2
14.12	4567.5
14.13	4563.81
14.14	4560.12
14.15	4556.45
14.16	4552.77
14.17	4549.11
14.18	4545.45
14.19	4541.79
14.2	4538.15
14.21	4534.51
14.22	4530.87
14.23	4527.25
14.24	4523.63
14.25	4520.01
14.26	4516.4
14.27	4512.8
14.28	4509.2
14.29	4505.61
14.3	4502.03
14.31	4498.45
14.32	4494.88
14.33	4491.31
14.34	4487.75
14.35	4484.2
14.36	4480.65
14.37	4477.11
14.38	4473.57
14.39	4470.04
14.4	4466.51
14.41	4462.99
14.42	4459.48
14.43	4455.97
14.44	4452.46
14.45	4448.96
14.46	4445.47
14.47	4441.98
14.48	4438.5
14.49	4435.03
14.5	4431.55
14.51	4428.09
14.52	4424.63
14.53	4421.17
14.54	4417.72
14.55	4414.28
14.56	4410.84
14.57	4407.4
14.58	4403.97
14.59	4400.55
14.6	4397.13
14.61	4393.72
14.62	4390.31
14.63	4386.9
14.64	4383.51
14.65	4380.11
14.66	4376.72
14.67	4373.34
14.68	4369.96
14.69	4366.59
14.7	4363.22
14.71	4359.85
14.72	4356.49
14.73	4353.14
14.74	4349.79
14.75	4346.45
14.76	4343.11
14.77	4339.77
14.78	4336.44
14.79	4333.12
14.8	4329.79
14.81	4326.48
14.82	4323.17
14.83	4319.86
14.84	4316.56
14.85	4313.26
14.86	4309.97
14.87	4306.69
14.88	4303.4
14.89	4300.13
14.9	4296.85
14.91	4293.58
14.92	4290.32
14.93	4287.06
14.94	4283.81
14.95	4280.56
14.96	4277.31
14.97	4274.07
14.98	4270.84
14.99	4267.61
15	4264.38
15.01	4261.16
15.02	4257.95
15.03	4254.73
15.04	4251.53
15.05	4248.32
15.06	4245.13
15.07	4241.93
15.08	4238.74
15.09	4235.56
15.1	4232.38
15.11	4229.21
15.12	4226.04
15.13	4222.87
15.14	4219.71
15.15	4216.56
15.16	4213.41
15.17	4210.26
15.18	4207.12
15.19	4203.98
15.2	4200.85
15.21	4197.73
15.22	4194.6
15.23	4191.49
15.24	4188.37
15.25	4185.26
15.26	4182.16
15.27	4179.06
15.28	4175.97
15.29	4172.88
15.3	4169.8
15.31	4166.72
15.32	4163.64
15.33	4160.57
15.34	4157.51
15.35	4154.45
15.36	4151.4
15.37	4148.35
15.38	4145.3
15.39	4142.26
15.4	4139.22
15.41	4136.19
15.42	4133.17
15.43	4130.15
15.44	4127.13
15.45	4124.12
15.46	4121.12
15.47	4118.12
15.48	4115.12
15.49	4112.13
15.5	4109.15
15.51	4106.17
15.52	4103.19
15.53	4100.22
15.54	4097.26
15.55	4094.3
15.56	4091.34
15.57	4088.4
15.58	4085.45
15.59	4082.51
15.6	4079.58
15.61	4076.65
15.62	4073.73
15.63	4070.81
15.64	4067.9
15.65	4064.99
15.66	4062.09
15.67	4059.19
15.68	4056.3
15.69	4053.42
15.7	4050.54
15.71	4047.66
15.72	4044.79
15.73	4041.93
15.74	4039.07
15.75	4036.22
15.76	4033.37
15.77	4030.53
15.78	4027.7
15.79	4024.87
15.8	4022.04
15.81	4019.23
15.82	4016.41
15.83	4013.61
15.84	4010.8
15.85	4008.01
15.86	4005.22
15.87	4002.44
15.88	3999.66
15.89	3996.89
15.9	3994.12
15.91	3991.36
15.92	3988.61
15.93	3985.86
15.94	3983.12
15.95	3980.38
15.96	3977.65
15.97	3974.93
15.98	3972.21
15.99	3969.5
16	3966.79
16.01	3964.09
16.02	3961.4
16.03	3958.71
16.04	3956.03
16.05	3953.36
16.06	3950.69
16.07	3948.03
16.08	3945.38
16.09	3942.73
16.1	3940.09
16.11	3937.45
16.12	3934.82
16.13	3932.2
16.14	3929.59
16.15	3926.98
16.16	3924.38
16.17	3921.78
16.18	3919.19
16.19	3916.61
16.2	3914.04
16.21	3911.47
16.22	3908.91
16.23	3906.35
16.24	3903.81
16.25	3901.26
16.26	3898.73
16.27	3896.21
16.28	3893.69
16.29	3891.17
16.3	3888.67
16.31	3886.17
16.32	3883.68
16.33	3881.2
16.34	3878.72
16.35	3876.25
16.36	3873.79
16.37	3871.34
16.38	3868.89
16.39	3866.46
16.4	3864.02
16.41	3861.6
16.42	3859.18
16.43	3856.78
16.44	3854.38
16.45	3851.98
16.46	3849.6
16.47	3847.22
16.48	3844.85
16.49	3842.49
16.5	3840.13
16.51	3837.79
16.52	3835.45
16.53	3833.12
16.54	3830.8
16.55	3828.48
16.56	3826.18
16.57	3823.88
16.58	3821.59
16.59	3819.31
16.6	3817.04
16.61	3814.77
16.62	3812.52
16.63	3810.27
16.64	3808.03
16.65	3805.8
16.66	3803.58
16.67	3801.36
16.68	3799.16
16.69	3796.96
16.7	3794.77
16.71	3792.59
16.72	3790.42
16.73	3788.26
16.74	3786.11
16.75	3783.97
16.76	3781.83
16.77	3779.7
16.78	3777.59
16.79	3775.48
16.8	3773.38
16.81	3771.29
16.82	3769.21
16.83	3767.14
16.84	3765.08
16.85	3763.03
16.86	3760.98
16.87	3758.95
16.88	3756.92
16.89	3754.91
16.9	3752.9
16.91	3750.91
16.92	3748.92
16.93	3746.95
16.94	3744.98
16.95	3743.02
16.96	3741.07
16.97	3739.14
16.98	3737.21
16.99	3735.29
17	3733.38
17.01	3731.48
17.02	3729.6
17.03	3727.72
17.04	3725.85
17.05	3723.99
17.06	3722.15
17.07	3720.31
17.08	3718.48
17.09	3716.67
17.1	3714.86
17.11	3713.06
17.12	3711.28
17.13	3709.5
17.14	3707.74
17.15	3705.99
17.16	3704.24
17.17	3702.51
17.18	3700.79
17.19	3699.08
17.2	3697.38
17.21	3695.69
17.22	3694.01
17.23	3692.34
17.24	3690.69
17.25	3689.04
17.26	3687.41
17.27	3685.78
17.28	3684.17
17.29	3682.57
17.3	3680.98
17.31	3679.4
17.32	3677.83
17.33	3676.28
17.34	3674.73
17.35	3673.2
17.36	3671.68
17.37	3670.17
17.38	3668.67
17.39	3667.18
17.4	3665.71
17.41	3664.24
17.42	3662.79
17.43	3661.35
17.44	3659.92
17.45	3658.51
17.46	3657.1
17.47	3655.71
17.48	3654.33
17.49	3652.96
17.5	3651.6
17.51	3650.26
17.52	3648.92
17.53	3647.6
17.54	3646.29
17.55	3645
17.56	3643.71
17.57	3642.44
17.58	3641.18
17.59	3639.93
17.6	3638.7
17.61	3637.48
17.62	3636.27
17.63	3635.07
17.64	3633.88
17.65	3632.71
17.66	3631.55
17.67	3630.4
17.68	3629.27
17.69	3628.15
17.7	3627.04
17.71	3625.94
17.72	3624.86
17.73	3623.79
17.74	3622.73
17.75	3621.68
17.76	3620.65
17.77	3619.63
17.78	3618.63
17.79	3617.63
17.8	3616.65
17.81	3615.69
17.82	3614.73
17.83	3613.79
17.84	3612.86
17.85	3611.95
17.86	3611.05
17.87	3610.16
17.88	3609.28
17.89	3608.42
17.9	3607.57
17.91	3606.74
17.92	3605.92
17.93	3605.11
17.94	3604.31
17.95	3603.53
17.96	3602.76
17.97	3602.01
17.98	3601.27
17.99	3600.54
18	3599.82
18.01	3599.12
18.02	3598.44
18.03	3597.76
18.04	3597.1
18.05	3596.46
18.06	3595.82
18.07	3595.21
18.08	3594.6
18.09	3594.01
18.1	3593.43
18.11	3592.87
18.12	3592.31
18.13	3591.78
18.14	3591.25
18.15	3590.74
18.16	3590.25
18.17	3589.77
18.18	3589.3
18.19	3588.84
18.2	3588.4
18.21	3587.98
18.22	3587.56
18.23	3587.16
18.24	3586.78
18.25	3586.41
18.26	3586.05
18.27	3585.71
18.28	3585.38
18.29	3585.06
18.3	3584.76
18.31	3584.47
18.32	3584.19
18.33	3583.93
18.34	3583.68
18.35	3583.45
18.36	3583.23
18.37	3583.02
18.38	3582.83
18.39	3582.65
18.4	3582.49
18.41	3582.34
18.42	3582.2
18.43	3582.08
18.44	3581.97
18.45	3581.87
18.46	3581.79
18.47	3581.72
18.48	3581.67
18.49	3581.63
18.5	3581.6
18.51	3581.58
18.52	3581.58
18.53	3581.6
18.54	3581.62
18.55	3581.66
18.56	3581.72
18.57	3581.78
18.58	3581.86
18.59	3581.96
18.6	3582.07
18.61	3582.19
18.62	3582.32
18.63	3582.47
18.64	3582.63
18.65	3582.8
18.66	3582.99
18.67	3583.19
18.68	3583.4
18.69	3583.63
18.7	3583.87
18.71	3584.12
18.72	3584.39
18.73	3584.67
18.74	3584.96
18.75	3585.27
18.76	3585.58
18.77	3585.91
18.78	3586.26
18.79	3586.61
18.8	3586.98
18.81	3587.36
18.82	3587.75
18.83	3588.16
18.84	3588.58
18.85	3589.01
18.86	3589.45
18.87	3589.91
18.88	3590.38
18.89	3590.86
18.9	3591.35
18.91	3591.85
18.92	3592.37
18.93	3592.9
18.94	3593.43
18.95	3593.99
18.96	3594.55
18.97	3595.12
18.98	3595.71
18.99	3596.31
19	3596.92
19.01	3597.54
19.02	3598.17
19.03	3598.81
19.04	3599.47
19.05	3600.14
19.06	3600.81
19.07	3601.5
19.08	3602.2
19.09	3602.91
19.1	3603.63
19.11	3604.36
19.12	3605.1
19.13	3605.85
19.14	3606.61
19.15	3607.38
19.16	3608.17
19.17	3608.96
19.18	3609.76
19.19	3610.57
19.2	3611.4
19.21	3612.23
19.22	3613.07
19.23	3613.92
19.24	3614.78
19.25	3615.65
19.26	3616.53
19.27	3617.42
19.28	3618.31
19.29	3619.22
19.3	3620.13
19.31	3621.06
19.32	3621.99
19.33	3622.93
19.34	3623.88
19.35	3624.84
19.36	3625.8
19.37	3626.78
19.38	3627.76
19.39	3628.75
19.4	3629.75
19.41	3630.75
19.42	3631.76
19.43	3632.78
19.44	3633.81
19.45	3634.84
19.46	3635.88
19.47	3636.93
19.48	3637.99
19.49	3639.05
19.5	3640.12
19.51	3641.19
19.52	3642.27
19.53	3643.36
19.54	3644.45
19.55	3645.55
19.56	3646.66
19.57	3647.77
19.58	3648.88
19.59	3650
19.6	3651.13
19.61	3652.26
19.62	3653.4
19.63	3654.54
19.64	3655.69
19.65	3656.84
19.66	3657.99
19.67	3659.15
19.68	3660.31
19.69	3661.48
19.7	3662.65
19.71	3663.83
19.72	3665.01
19.73	3666.19
19.74	3667.38
19.75	3668.57
19.76	3669.76
19.77	3670.95
19.78	3672.15
19.79	3673.35
19.8	3674.56
19.81	3675.76
19.82	3676.97
19.83	3678.18
19.84	3679.39
19.85	3680.6
19.86	3681.82
19.87	3683.04
19.88	3684.25
19.89	3685.47
19.9	3686.69
19.91	3687.91
19.92	3689.14
19.93	3690.36
19.94	3691.58
19.95	3692.8
19.96	3694.03
19.97	3695.25
19.98	3696.47
19.99	3697.7
20	3698.92
20.01	3700.14
20.02	3701.36
20.03	3702.58
20.04	3703.8
20.05	3705.02
20.06	3706.23
20.07	3707.45
20.08	3708.66
20.09	3709.87
20.1	3711.08
20.11	3712.29
20.12	3713.49
20.13	3714.7
20.14	3715.9
20.15	3717.09
20.16	3718.29
20.17	3719.48
20.18	3720.67
20.19	3721.85
20.2	3723.03
20.21	3724.21
20.22	3725.39
20.23	3726.56
20.24	3727.72
20.25	3728.88
20.26	3730.04
20.27	3731.2
20.28	3732.34
20.29	3733.49
20.3	3734.63
20.31	3735.76
20.32	3736.89
20.33	3738.01
20.34	3739.13
20.35	3740.24
20.36	3741.35
20.37	3742.45
20.38	3743.54
20.39	3744.63
20.4	3745.71
20.41	3746.79
20.42	3747.86
20.43	3748.92
20.44	3749.98
20.45	3751.02
20.46	3752.07
20.47	3753.1
20.48	3754.13
20.49	3755.14
20.5	3756.16
20.51	3757.16
20.52	3758.15
20.53	3759.14
20.54	3760.12
20.55	3761.09
20.56	3762.05
20.57	3763.01
20.58	3763.95
20.59	3764.89
20.6	3765.82
20.61	3766.74
20.62	3767.64
20.63	3768.54
20.64	3769.43
20.65	3770.32
20.66	3771.19
20.67	3772.05
20.68	3772.9
20.69	3773.74
20.7	3774.57
20.71	3775.39
20.72	3776.21
20.73	3777.01
20.74	3777.8
20.75	3778.58
20.76	3779.34
20.77	3780.1
20.78	3780.85
20.79	3781.59
20.8	3782.31
20.81	3783.02
20.82	3783.73
20.83	3784.42
20.84	3785.1
20.85	3785.76
20.86	3786.42
20.87	3787.06
20.88	3787.7
20.89	3788.32
20.9	3788.92
20.91	3789.52
20.92	3790.1
20.93	3790.67
20.94	3791.23
20.95	3791.78
20.96	3792.31
20.97	3792.84
20.98	3793.34
20.99	3793.84
21	3794.32
21.01	3794.79
21.02	3795.25
21.03	3795.7
21.04	3796.13
21.05	3796.54
21.06	3796.95
21.07	3797.34
21.08	3797.72
21.09	3798.08
21.1	3798.43
21.11	3798.77
21.12	3799.09
21.13	3799.4
21.14	3799.7
21.15	3799.98
21.16	3800.25
21.17	3800.51
21.18	3800.75
21.19	3800.98
21.2	3801.19
21.21	3801.39
21.22	3801.57
21.23	3801.74
21.24	3801.9
21.25	3802.04
21.26	3802.17
21.27	3802.29
21.28	3802.39
21.29	3802.47
21.3	3802.54
21.31	3802.6
21.32	3802.64
21.33	3802.67
21.34	3802.68
21.35	3802.68
21.36	3802.67
21.37	3802.64
21.38	3802.59
21.39	3802.53
21.4	3802.46
21.41	3802.37
21.42	3802.27
21.43	3802.15
21.44	3802.02
21.45	3801.87
21.46	3801.71
21.47	3801.53
21.48	3801.34
21.49	3801.14
21.5	3800.92
21.51	3800.68
21.52	3800.43
21.53	3800.17
21.54	3799.89
21.55	3799.6
21.56	3799.29
21.57	3798.97
21.58	3798.63
21.59	3798.28
21.6	3797.91
21.61	3797.53
21.62	3797.13
21.63	3796.72
21.64	3796.3
21.65	3795.86
21.66	3795.41
21.67	3794.94
21.68	3794.46
21.69	3793.96
21.7	3793.45
21.71	3792.92
21.72	3792.38
21.73	3791.83
21.74	3791.26
21.75	3790.67
21.76	3790.07
21.77	3789.46
21.78	3788.84
21.79	3788.2
21.8	3787.54
21.81	3786.87
21.82	3786.19
21.83	3785.49
21.84	3784.78
21.85	3784.06
21.86	3783.32
21.87	3782.57
21.88	3781.8
21.89	3781.02
21.9	3780.23
21.91	3779.42
21.92	3778.6
21.93	3777.76
21.94	3776.91
21.95	3776.05
21.96	3775.17
21.97	3774.29
21.98	3773.38
21.99	3772.47
22	3771.54
22.01	3770.59
22.02	3769.64
22.03	3768.67
22.04	3767.69
22.05	3766.69
22.06	3765.68
22.07	3764.66
22.08	3763.63
22.09	3762.58
22.1	3761.52
22.11	3760.45
22.12	3759.37
22.13	3758.27
22.14	3757.16
22.15	3756.04
22.16	3754.9
22.17	3753.76
22.18	3752.6
22.19	3751.42
22.2	3750.24
22.21	3749.04
22.22	3747.84
22.23	3746.62
22.24	3745.39
22.25	3744.14
22.26	3742.89
22.27	3741.62
22.28	3740.34
22.29	3739.05
22.3	3737.75
22.31	3736.44
22.32	3735.11
22.33	3733.78
22.34	3732.43
22.35	3731.07
22.36	3729.7
22.37	3728.32
22.38	3726.93
22.39	3725.53
22.4	3724.12
22.41	3722.69
22.42	3721.26
22.43	3719.81
22.44	3718.36
22.45	3716.89
22.46	3715.42
22.47	3713.93
22.48	3712.43
22.49	3710.93
22.5	3709.41
22.51	3707.88
22.52	3706.35
22.53	3704.8
22.54	3703.25
22.55	3701.68
22.56	3700.1
22.57	3698.52
22.58	3696.93
22.59	3695.32
22.6	3693.71
22.61	3692.09
22.62	3690.46
22.63	3688.82
22.64	3687.17
22.65	3685.51
22.66	3683.84
22.67	3682.17
22.68	3680.48
22.69	3678.79
22.7	3677.09
22.71	3675.38
22.72	3673.66
22.73	3671.93
22.74	3670.2
22.75	3668.45
22.76	3666.7
22.77	3664.94
22.78	3663.18
22.79	3661.4
22.8	3659.62
22.81	3657.83
22.82	3656.03
22.83	3654.23
22.84	3652.41
22.85	3650.59
22.86	3648.77
22.87	3646.93
22.88	3645.09
22.89	3643.24
22.9	3641.38
22.91	3639.52
22.92	3637.65
22.93	3635.78
22.94	3633.89
22.95	3632
22.96	3630.11
22.97	3628.2
22.98	3626.3
22.99	3624.38
23	3622.46
23.01	3620.53
23.02	3618.6
23.03	3616.66
23.04	3614.71
23.05	3612.76
23.06	3610.8
23.07	3608.84
23.08	3606.87
23.09	3604.9
23.1	3602.92
23.11	3600.93
23.12	3598.94
23.13	3596.95
23.14	3594.95
23.15	3592.94
23.16	3590.93
23.17	3588.92
23.18	3586.89
23.19	3584.87
23.2	3582.84
23.21	3580.8
23.22	3578.76
23.23	3576.72
23.24	3574.67
23.25	3572.62
23.26	3570.56
23.27	3568.5
23.28	3566.43
23.29	3564.36
23.3	3562.29
23.31	3560.21
23.32	3558.13
23.33	3556.05
23.34	3553.96
23.35	3551.86
23.36	3549.77
23.37	3547.67
23.38	3545.56
23.39	3543.46
23.4	3541.34
23.41	3539.23
23.42	3537.11
23.43	3534.99
23.44	3532.87
23.45	3530.74
23.46	3528.61
23.47	3526.48
23.48	3524.35
23.49	3522.21
23.5	3520.07
23.51	3517.92
23.52	3515.78
23.53	3513.63
23.54	3511.48
23.55	3509.33
23.56	3507.17
23.57	3505.01
23.58	3502.85
23.59	3500.69
23.6	3498.53
23.61	3496.36
23.62	3494.19
23.63	3492.02
23.64	3489.85
23.65	3487.67
23.66	3485.5
23.67	3483.32
23.68	3481.14
23.69	3478.96
23.7	3476.78
23.71	3474.59
23.72	3472.41
23.73	3470.22
23.74	3468.03
23.75	3465.85
23.76	3463.66
23.77	3461.46
23.78	3459.27
23.79	3457.08
23.8	3454.88
23.81	3452.69
23.82	3450.49
23.83	3448.3
23.84	3446.1
23.85	3443.9
23.86	3441.7
23.87	3439.5
23.88	3437.3
23.89	3435.1
23.9	3432.9
23.91	3430.7
23.92	3428.5
23.93	3426.3
23.94	3424.09
23.95	3421.89
23.96	3419.69
23.97	3417.49
23.98	3415.28
23.99	3413.08
24	3410.88
24.01	3408.67
24.02	3406.47
24.03	3404.27
24.04	3402.07
24.05	3399.87
24.06	3397.67
24.07	3395.46
24.08	3393.26
24.09	3391.06
24.1	3388.87
24.11	3386.67
24.12	3384.47
24.13	3382.27
24.14	3380.07
24.15	3377.88
24.16	3375.68
24.17	3373.49
24.18	3371.29
24.19	3369.1
24.2	3366.91
24.21	3364.72
24.22	3362.53
24.23	3360.34
24.24	3358.15
24.25	3355.97
24.26	3353.78
24.27	3351.6
24.28	3349.41
24.29	3347.23
24.3	3345.05
24.31	3342.87
24.32	3340.7
24.33	3338.52
24.34	3336.35
24.35	3334.17
24.36	3332
24.37	3329.83
24.38	3327.67
24.39	3325.5
24.4	3323.33
24.41	3321.17
24.42	3319.01
24.43	3316.85
24.44	3314.7
24.45	3312.54
24.46	3310.39
24.47	3308.24
24.48	3306.09
24.49	3303.94
24.5	3301.79
24.51	3299.65
24.52	3297.51
24.53	3295.37
24.54	3293.23
24.55	3291.1
24.56	3288.97
24.57	3286.84
24.58	3284.71
24.59	3282.59
24.6	3280.46
24.61	3278.34
24.62	3276.22
24.63	3274.11
24.64	3272
24.65	3269.89
24.66	3267.78
24.67	3265.67
24.68	3263.57
24.69	3261.47
24.7	3259.37
24.71	3257.28
24.72	3255.19
24.73	3253.1
24.74	3251.01
24.75	3248.93
24.76	3246.85
24.77	3244.77
24.78	3242.7
24.79	3240.63
24.8	3238.56
24.81	3236.49
24.82	3234.43
24.83	3232.37
24.84	3230.31
24.85	3228.26
24.86	3226.21
24.87	3224.16
24.88	3222.12
24.89	3220.08
24.9	3218.04
24.91	3216.01
24.92	3213.97
24.93	3211.95
24.94	3209.92
24.95	3207.9
24.96	3205.88
24.97	3203.87
24.98	3201.86
24.99	3199.85
25	3197.84
25.01	3195.84
25.02	3193.85
25.03	3191.85
25.04	3189.86
25.05	3187.88
25.06	3185.89
25.07	3183.91
25.08	3181.94
25.09	3179.96
25.1	3178
25.11	3176.03
25.12	3174.07
25.13	3172.11
25.14	3170.16
25.15	3168.21
25.16	3166.26
25.17	3164.32
25.18	3162.38
25.19	3160.44
25.2	3158.51
25.21	3156.58
25.22	3154.66
25.23	3152.74
25.24	3150.83
25.25	3148.91
25.26	3147.01
25.27	3145.1
25.28	3143.2
25.29	3141.31
25.3	3139.41
25.31	3137.53
25.32	3135.64
25.33	3133.76
25.34	3131.89
25.35	3130.01
25.36	3128.15
25.37	3126.28
25.38	3124.42
25.39	3122.57
25.4	3120.72
25.41	3118.87
25.42	3117.03
25.43	3115.19
25.44	3113.35
25.45	3111.52
25.46	3109.7
25.47	3107.88
25.48	3106.06
25.49	3104.25
25.5	3102.44
25.51	3100.63
25.52	3098.83
25.53	3097.04
25.54	3095.24
25.55	3093.46
25.56	3091.67
25.57	3089.9
25.58	3088.12
25.59	3086.35
25.6	3084.59
25.61	3082.83
25.62	3081.07
25.63	3079.32
25.64	3077.57
25.65	3075.83
25.66	3074.09
25.67	3072.35
25.68	3070.63
25.69	3068.9
25.7	3067.18
25.71	3065.46
25.72	3063.75
25.73	3062.05
25.74	3060.34
25.75	3058.65
25.76	3056.95
25.77	3055.26
25.78	3053.58
25.79	3051.9
25.8	3050.23
25.81	3048.56
25.82	3046.89
25.83	3045.23
25.84	3043.57
25.85	3041.92
25.86	3040.27
25.87	3038.63
25.88	3036.99
25.89	3035.36
25.9	3033.73
25.91	3032.11
25.92	3030.49
25.93	3028.88
25.94	3027.27
25.95	3025.66
25.96	3024.06
25.97	3022.47
25.98	3020.88
25.99	3019.29
26	3017.71
26.01	3016.14
26.02	3014.56
26.03	3013
26.04	3011.44
26.05	3009.88
26.06	3008.33
26.07	3006.78
26.08	3005.24
26.09	3003.7
26.1	3002.17
26.11	3000.64
26.12	2999.12
26.13	2997.6
26.14	2996.09
26.15	2994.58
26.16	2993.07
26.17	2991.57
26.18	2990.08
26.19	2988.59
26.2	2987.11
26.21	2985.63
26.22	2984.15
26.23	2982.68
26.24	2981.22
26.25	2979.76
26.26	2978.31
26.27	2976.86
26.28	2975.41
26.29	2973.97
26.3	2972.54
26.31	2971.11
26.32	2969.68
26.33	2968.26
26.34	2966.84
26.35	2965.43
26.36	2964.03
26.37	2962.63
26.38	2961.23
26.39	2959.84
26.4	2958.46
26.41	2957.08
26.42	2955.7
26.43	2954.33
26.44	2952.96
26.45	2951.6
26.46	2950.25
26.47	2948.89
26.48	2947.55
26.49	2946.21
26.5	2944.87
26.51	2943.54
26.52	2942.21
26.53	2940.89
26.54	2939.58
26.55	2938.27
26.56	2936.96
26.57	2935.66
26.58	2934.36
26.59	2933.07
26.6	2931.78
26.61	2930.5
26.62	2929.23
26.63	2927.95
26.64	2926.69
26.65	2925.43
26.66	2924.17
26.67	2922.92
26.68	2921.67
26.69	2920.43
26.7	2919.19
26.71	2917.96
26.72	2916.74
26.73	2915.52
26.74	2914.3
26.75	2913.09
26.76	2911.88
26.77	2910.68
26.78	2909.48
26.79	2908.29
26.8	2907.11
26.81	2905.92
26.82	2904.75
26.83	2903.58
26.84	2902.41
26.85	2901.25
26.86	2900.09
26.87	2898.94
26.88	2897.79
26.89	2896.65
26.9	2895.51
26.91	2894.38
26.92	2893.26
26.93	2892.13
26.94	2891.02
26.95	2889.91
26.96	2888.8
26.97	2887.7
26.98	2886.6
26.99	2885.51
27	2884.42
27.01	2883.34
27.02	2882.26
27.03	2881.19
27.04	2880.12
27.05	2879.06
27.06	2878
27.07	2876.95
27.08	2875.9
27.09	2874.86
27.1	2873.82
27.11	2872.79
27.12	2871.76
27.13	2870.74
27.14	2869.72
27.15	2868.71
27.16	2867.7
27.17	2866.7
27.18	2865.7
27.19	2864.71
27.2	2863.72
27.21	2862.74
27.22	2861.76
27.23	2860.79
27.24	2859.82
27.25	2858.86
27.26	2857.9
27.27	2856.94
27.28	2855.99
27.29	2855.05
27.3	2854.11
27.31	2853.18
27.32	2852.25
27.33	2851.32
27.34	2850.4
27.35	2849.49
27.36	2848.58
27.37	2847.67
27.38	2846.77
27.39	2845.88
27.4	2844.99
27.41	2844.1
27.42	2843.22
27.43	2842.35
27.44	2841.48
27.45	2840.61
27.46	2839.75
27.47	2838.89
27.48	2838.04
27.49	2837.19
27.5	2836.35
27.51	2835.51
27.52	2834.68
27.53	2833.85
27.54	2833.03
27.55	2832.21
27.56	2831.4
27.57	2830.59
27.58	2829.78
27.59	2828.98
27.6	2828.19
27.61	2827.4
27.62	2826.62
27.63	2825.84
27.64	2825.06
27.65	2824.29
27.66	2823.52
27.67	2822.76
27.68	2822
27.69	2821.25
27.7	2820.51
27.71	2819.76
27.72	2819.03
27.73	2818.29
27.74	2817.56
27.75	2816.84
27.76	2816.12
27.77	2815.41
27.78	2814.7
27.79	2813.99
27.8	2813.29
27.81	2812.59
27.82	2811.9
27.83	2811.22
27.84	2810.53
27.85	2809.86
27.86	2809.18
27.87	2808.52
27.88	2807.85
27.89	2807.19
27.9	2806.54
27.91	2805.89
27.92	2805.24
27.93	2804.6
27.94	2803.97
27.95	2803.33
27.96	2802.71
27.97	2802.08
27.98	2801.47
27.99	2800.85
28	2800.24
28.01	2799.64
28.02	2799.04
28.03	2798.44
28.04	2797.85
28.05	2797.27
28.06	2796.68
28.07	2796.11
28.08	2795.53
28.09	2794.96
28.1	2794.4
28.11	2793.84
28.12	2793.28
28.13	2792.73
28.14	2792.19
28.15	2791.64
28.16	2791.11
28.17	2790.57
28.18	2790.04
28.19	2789.52
28.2	2789
28.21	2788.48
28.22	2787.97
28.23	2787.47
28.24	2786.96
28.25	2786.46
28.26	2785.97
28.27	2785.48
28.28	2784.99
28.29	2784.51
28.3	2784.04
28.31	2783.56
28.32	2783.1
28.33	2782.63
28.34	2782.17
28.35	2781.72
28.36	2781.26
28.37	2780.82
28.38	2780.37
28.39	2779.94
28.4	2779.5
28.41	2779.07
28.42	2778.64
28.43	2778.22
28.44	2777.81
28.45	2777.39
28.46	2776.98
28.47	2776.58
28.48	2776.18
28.49	2775.78
28.5	2775.39
28.51	2775
28.52	2774.61
28.53	2774.23
28.54	2773.86
28.55	2773.49
28.56	2773.12
28.57	2772.75
28.58	2772.39
28.59	2772.04
28.6	2771.69
28.61	2771.34
28.62	2770.99
28.63	2770.65
28.64	2770.32
28.65	2769.99
28.66	2769.66
28.67	2769.34
28.68	2769.02
28.69	2768.7
28.7	2768.39
28.71	2768.08
28.72	2767.78
28.73	2767.48
28.74	2767.18
28.75	2766.89
28.76	2766.6
28.77	2766.32
28.78	2766.04
28.79	2765.76
28.8	2765.49
28.81	2765.22
28.82	2764.95
28.83	2764.69
28.84	2764.43
28.85	2764.18
28.86	2763.93
28.87	2763.69
28.88	2763.44
28.89	2763.21
28.9	2762.97
28.91	2762.74
28.92	2762.51
28.93	2762.29
28.94	2762.07
28.95	2761.86
28.96	2761.64
28.97	2761.44
28.98	2761.23
28.99	2761.03
29	2760.83
29.01	2760.64
29.02	2760.45
29.03	2760.26
29.04	2760.08
29.05	2759.9
29.06	2759.73
29.07	2759.56
29.08	2759.39
29.09	2759.23
29.1	2759.06
29.11	2758.91
29.12	2758.75
29.13	2758.6
29.14	2758.46
29.15	2758.32
29.16	2758.18
29.17	2758.04
29.18	2757.91
29.19	2757.78
29.2	2757.65
29.21	2757.53
29.22	2757.42
29.23	2757.3
29.24	2757.19
29.25	2757.08
29.26	2756.98
29.27	2756.88
29.28	2756.78
29.29	2756.69
29.3	2756.59
29.31	2756.51
29.32	2756.42
29.33	2756.34
29.34	2756.27
29.35	2756.19
29.36	2756.12
29.37	2756.06
29.38	2755.99
29.39	2755.93
29.4	2755.87
29.41	2755.82
29.42	2755.77
29.43	2755.72
29.44	2755.68
29.45	2755.64
29.46	2755.6
29.47	2755.57
29.48	2755.54
29.49	2755.51
29.5	2755.48
29.51	2755.46
29.52	2755.45
29.53	2755.43
29.54	2755.42
29.55	2755.41
29.56	2755.41
29.57	2755.4
29.58	2755.4
29.59	2755.41
29.6	2755.42
29.61	2755.43
29.62	2755.44
29.63	2755.46
29.64	2755.48
29.65	2755.5
29.66	2755.52
29.67	2755.55
29.68	2755.58
29.69	2755.62
29.7	2755.66
29.71	2755.7
29.72	2755.74
29.73	2755.79
29.74	2755.84
29.75	2755.89
29.76	2755.95
29.77	2756.01
29.78	2756.07
29.79	2756.13
29.8	2756.2
29.81	2756.27
29.82	2756.35
29.83	2756.42
29.84	2756.5
29.85	2756.58
29.86	2756.67
29.87	2756.76
29.88	2756.85
29.89	2756.94
29.9	2757.04
29.91	2757.14
29.92	2757.24
29.93	2757.34
29.94	2757.45
29.95	2757.56
29.96	2757.67
29.97	2757.79
29.98	2757.91
29.99	2758.03
30	2758.15
30.01	2758.28
30.02	2758.41
30.03	2758.54
30.04	2758.68
30.05	2758.82
30.06	2758.96
30.07	2759.1
30.08	2759.24
30.09	2759.39
30.1	2759.54
30.11	2759.7
30.12	2759.85
30.13	2760.01
30.14	2760.17
30.15	2760.34
30.16	2760.5
30.17	2760.67
30.18	2760.84
30.19	2761.02
30.2	2761.2
30.21	2761.38
30.22	2761.56
30.23	2761.74
30.24	2761.93
30.25	2762.12
30.26	2762.31
30.27	2762.5
30.28	2762.7
30.29	2762.9
30.3	2763.1
30.31	2763.31
30.32	2763.51
30.33	2763.72
30.34	2763.93
30.35	2764.15
30.36	2764.36
30.37	2764.58
30.38	2764.8
30.39	2765.03
30.4	2765.25
30.41	2765.48
30.42	2765.71
30.43	2765.94
30.44	2766.18
30.45	2766.41
30.46	2766.65
30.47	2766.9
30.48	2767.14
30.49	2767.39
30.5	2767.64
30.51	2767.89
30.52	2768.14
30.53	2768.4
30.54	2768.65
30.55	2768.91
30.56	2769.17
30.57	2769.44
30.58	2769.71
30.59	2769.97
30.6	2770.25
30.61	2770.52
30.62	2770.79
30.63	2771.07
30.64	2771.35
30.65	2771.63
30.66	2771.92
30.67	2772.2
30.68	2772.49
30.69	2772.78
30.7	2773.07
30.71	2773.37
30.72	2773.66
30.73	2773.96
30.74	2774.26
30.75	2774.56
30.76	2774.87
30.77	2775.17
30.78	2775.48
30.79	2775.79
30.8	2776.1
30.81	2776.42
30.82	2776.74
30.83	2777.05
30.84	2777.37
30.85	2777.7
30.86	2778.02
30.87	2778.35
30.88	2778.67
30.89	2779
30.9	2779.34
30.91	2779.67
30.92	2780.01
30.93	2780.34
30.94	2780.68
30.95	2781.02
30.96	2781.37
30.97	2781.71
30.98	2782.06
30.99	2782.41
31	2782.76
31.01	2783.11
31.02	2783.47
31.03	2783.82
31.04	2784.18
31.05	2784.54
31.06	2784.9
31.07	2785.26
31.08	2785.63
31.09	2785.99
31.1	2786.36
31.11	2786.73
31.12	2787.1
31.13	2787.48
31.14	2787.85
31.15	2788.23
31.16	2788.61
31.17	2788.99
31.18	2789.37
31.19	2789.75
31.2	2790.14
31.21	2790.53
31.22	2790.92
31.23	2791.31
31.24	2791.7
31.25	2792.09
31.26	2792.49
31.27	2792.88
31.28	2793.28
31.29	2793.68
31.3	2794.08
31.31	2794.48
31.32	2794.89
31.33	2795.3
31.34	2795.7
31.35	2796.11
31.36	2796.52
31.37	2796.94
31.38	2797.35
31.39	2797.76
31.4	2798.18
31.41	2798.6
31.42	2799.02
31.43	2799.44
31.44	2799.86
31.45	2800.29
31.46	2800.71
31.47	2801.14
31.48	2801.57
31.49	2802
31.5	2802.43
31.51	2802.86
31.52	2803.3
31.53	2803.73
31.54	2804.17
31.55	2804.61
31.56	2805.05
31.57	2805.49
31.58	2805.93
31.59	2806.38
31.6	2806.82
31.61	2807.27
31.62	2807.72
31.63	2808.17
31.64	2808.62
31.65	2809.07
31.66	2809.52
31.67	2809.98
31.68	2810.43
31.69	2810.89
31.7	2811.35
31.71	2811.81
31.72	2812.27
31.73	2812.73
31.74	2813.2
31.75	2813.66
31.76	2814.13
31.77	2814.59
31.78	2815.06
31.79	2815.53
31.8	2816
31.81	2816.48
31.82	2816.95
31.83	2817.42
31.84	2817.9
31.85	2818.38
31.86	2818.86
31.87	2819.34
31.88	2819.82
31.89	2820.3
31.9	2820.78
31.91	2821.26
31.92	2821.75
31.93	2822.24
31.94	2822.72
31.95	2823.21
31.96	2823.7
31.97	2824.19
31.98	2824.68
31.99	2825.18
32	2825.67
32.01	2826.17
32.02	2826.66
32.03	2827.16
32.04	2827.66
32.05	2828.16
32.06	2828.66
32.07	2829.16
32.08	2829.66
32.09	2830.17
32.1	2830.67
32.11	2831.18
32.12	2831.68
32.13	2832.19
32.14	2832.7
32.15	2833.21
32.16	2833.72
32.17	2834.23
32.18	2834.74
32.19	2835.26
32.2	2835.77
32.21	2836.29
32.22	2836.8
32.23	2837.32
32.24	2837.84
32.25	2838.36
32.26	2838.88
32.27	2839.4
32.28	2839.92
32.29	2840.44
32.3	2840.97
32.31	2841.49
32.32	2842.02
32.33	2842.54
32.34	2843.07
32.35	2843.6
32.36	2844.13
32.37	2844.66
32.38	2845.19
32.39	2845.72
32.4	2846.25
32.41	2846.79
32.42	2847.32
32.43	2847.86
32.44	2848.39
32.45	2848.93
32.46	2849.47
32.47	2850.01
32.48	2850.55
32.49	2851.09
32.5	2851.63
32.51	2852.17
32.52	2852.71
32.53	2853.26
32.54	2853.8
32.55	2854.34
32.56	2854.89
32.57	2855.44
32.58	2855.98
32.59	2856.53
32.6	2857.08
32.61	2857.63
32.62	2858.18
32.63	2858.73
32.64	2859.28
32.65	2859.83
32.66	2860.39
32.67	2860.94
32.68	2861.5
32.69	2862.05
32.7	2862.61
32.71	2863.16
32.72	2863.72
32.73	2864.28
32.74	2864.84
32.75	2865.4
32.76	2865.96
32.77	2866.52
32.78	2867.08
32.79	2867.64
32.8	2868.2
32.81	2868.77
32.82	2869.33
32.83	2869.9
32.84	2870.46
32.85	2871.03
32.86	2871.59
32.87	2872.16
32.88	2872.73
32.89	2873.3
32.9	2873.87
32.91	2874.44
32.92	2875.01
32.93	2875.58
32.94	2876.15
32.95	2876.72
32.96	2877.29
32.97	2877.87
32.98	2878.44
32.99	2879.02
33	2879.59
33.01	2880.17
33.02	2880.74
33.03	2881.32
33.04	2881.9
33.05	2882.47
33.06	2883.05
33.07	2883.63
33.08	2884.21
33.09	2884.79
33.1	2885.37
33.11	2885.95
33.12	2886.53
33.13	2887.12
33.14	2887.7
33.15	2888.28
33.16	2888.87
33.17	2889.45
33.18	2890.04
33.19	2890.62
33.2	2891.21
33.21	2891.79
33.22	2892.38
33.23	2892.97
33.24	2893.55
33.25	2894.14
33.26	2894.73
33.27	2895.32
33.28	2895.91
33.29	2896.5
33.3	2897.09
33.31	2897.68
33.32	2898.27
33.33	2898.86
33.34	2899.46
33.35	2900.05
33.36	2900.64
33.37	2901.24
33.38	2901.83
33.39	2902.43
33.4	2903.02
33.41	2903.62
33.42	2904.21
33.43	2904.81
33.44	2905.4
33.45	2906
33.46	2906.6
33.47	2907.2
33.48	2907.8
33.49	2908.39
33.5	2908.99
33.51	2909.59
33.52	2910.19
33.53	2910.79
33.54	2911.39
33.55	2911.99
33.56	2912.6
33.57	2913.2
33.58	2913.8
33.59	2914.4
33.6	2915.01
33.61	2915.61
33.62	2916.21
33.63	2916.82
33.64	2917.42
33.65	2918.03
33.66	2918.63
33.67	2919.24
33.68	2919.84
33.69	2920.45
33.7	2921.06
33.71	2921.66
33.72	2922.27
33.73	2922.88
33.74	2923.49
33.75	2924.09
33.76	2924.7
33.77	2925.31
33.78	2925.92
33.79	2926.53
33.8	2927.14
33.81	2927.75
33.82	2928.36
33.83	2928.97
33.84	2929.58
33.85	2930.19
33.86	2930.81
33.87	2931.42
33.88	2932.03
33.89	2932.64
33.9	2933.26
33.91	2933.87
33.92	2934.48
33.93	2935.1
33.94	2935.71
33.95	2936.33
33.96	2936.94
33.97	2937.56
33.98	2938.17
33.99	2938.79
34	2939.4
34.01	2940.02
34.02	2940.64
34.03	2941.25
34.04	2941.87
34.05	2942.49
34.06	2943.1
34.07	2943.72
34.08	2944.34
34.09	2944.96
34.1	2945.58
34.11	2946.2
34.12	2946.81
34.13	2947.43
34.14	2948.05
34.15	2948.67
34.16	2949.29
34.17	2949.91
34.18	2950.53
34.19	2951.16
34.2	2951.78
34.21	2952.4
34.22	2953.02
34.23	2953.64
34.24	2954.26
34.25	2954.89
34.26	2955.51
34.27	2956.13
34.28	2956.75
34.29	2957.38
34.3	2958
34.31	2958.62
34.32	2959.25
34.33	2959.87
34.34	2960.5
34.35	2961.12
34.36	2961.75
34.37	2962.37
34.38	2963
34.39	2963.62
34.4	2964.25
34.41	2964.87
34.42	2965.5
34.43	2966.12
34.44	2966.75
34.45	2967.38
34.46	2968.01
34.47	2968.63
34.48	2969.26
34.49	2969.89
34.5	2970.51
34.51	2971.14
34.52	2971.77
34.53	2972.4
34.54	2973.03
34.55	2973.66
34.56	2974.28
34.57	2974.91
34.58	2975.54
34.59	2976.17
34.6	2976.8
34.61	2977.43
34.62	2978.06
34.63	2978.69
34.64	2979.32
34.65	2979.95
34.66	2980.58
34.67	2981.22
34.68	2981.85
34.69	2982.48
34.7	2983.11
34.71	2983.74
34.72	2984.37
34.73	2985
34.74	2985.64
34.75	2986.27
34.76	2986.9
34.77	2987.53
34.78	2988.17
34.79	2988.8
34.8	2989.43
34.81	2990.07
34.82	2990.7
34.83	2991.33
34.84	2991.97
34.85	2992.6
34.86	2993.24
34.87	2993.87
34.88	2994.51
34.89	2995.14
34.9	2995.78
34.91	2996.41
34.92	2997.05
34.93	2997.68
34.94	2998.32
34.95	2998.95
34.96	2999.59
34.97	3000.22
34.98	3000.86
34.99	3001.5
35	3002.13
35.01	3002.77
35.02	3003.41
35.03	3004.04
35.04	3004.68
35.05	3005.32
35.06	3005.96
35.07	3006.59
35.08	3007.23
35.09	3007.87
35.1	3008.51
35.11	3009.15
35.12	3009.79
35.13	3010.42
35.14	3011.06
35.15	3011.7
35.16	3012.34
35.17	3012.98
35.18	3013.62
35.19	3014.26
35.2	3014.9
35.21	3015.54
35.22	3016.18
35.23	3016.82
35.24	3017.46
35.25	3018.1
35.26	3018.74
35.27	3019.38
35.28	3020.02
35.29	3020.66
35.3	3021.3
35.31	3021.94
35.32	3022.59
35.33	3023.23
35.34	3023.87
35.35	3024.51
35.36	3025.15
35.37	3025.8
35.38	3026.44
35.39	3027.08
35.4	3027.72
35.41	3028.37
35.42	3029.01
35.43	3029.65
35.44	3030.3
35.45	3030.94
35.46	3031.58
35.47	3032.23
35.48	3032.87
35.49	3033.51
35.5	3034.16
35.51	3034.8
35.52	3035.45
35.53	3036.09
35.54	3036.74
35.55	3037.38
35.56	3038.03
35.57	3038.67
35.58	3039.32
35.59	3039.96
35.6	3040.61
35.61	3041.25
35.62	3041.9
35.63	3042.55
35.64	3043.19
35.65	3043.84
35.66	3044.48
35.67	3045.13
35.68	3045.78
35.69	3046.43
35.7	3047.07
35.71	3047.72
35.72	3048.37
35.73	3049.01
35.74	3049.66
35.75	3050.31
35.76	3050.96
35.77	3051.61
35.78	3052.25
35.79	3052.9
35.8	3053.55
35.81	3054.2
35.82	3054.85
35.83	3055.5
35.84	3056.15
35.85	3056.8
35.86	3057.45
35.87	3058.1
35.88	3058.75
35.89	3059.4
35.9	3060.05
35.91	3060.7
35.92	3061.35
35.93	3062
35.94	3062.65
35.95	3063.3
35.96	3063.95
35.97	3064.6
35.98	3065.25
35.99	3065.9
36	3066.56
36.01	3067.21
36.02	3067.86
36.03	3068.51
36.04	3069.16
36.05	3069.82
36.06	3070.47
36.07	3071.12
36.08	3071.77
36.09	3072.43
36.1	3073.08
36.11	3073.73
36.12	3074.39
36.13	3075.04
36.14	3075.7
36.15	3076.35
36.16	3077
36.17	3077.66
36.18	3078.31
36.19	3078.97
36.2	3079.62
36.21	3080.28
36.22	3080.93
36.23	3081.59
36.24	3082.24
36.25	3082.9
36.26	3083.55
36.27	3084.21
36.28	3084.87
36.29	3085.52
36.3	3086.18
36.31	3086.84
36.32	3087.49
36.33	3088.15
36.34	3088.81
36.35	3089.46
36.36	3090.12
36.37	3090.78
36.38	3091.44
36.39	3092.1
36.4	3092.75
36.41	3093.41
36.42	3094.07
36.43	3094.73
36.44	3095.39
36.45	3096.05
36.46	3096.71
36.47	3097.37
36.48	3098.02
36.49	3098.68
36.5	3099.34
36.51	3100
36.52	3100.66
36.53	3101.32
36.54	3101.99
36.55	3102.65
36.56	3103.31
36.57	3103.97
36.58	3104.63
36.59	3105.29
36.6	3105.95
36.61	3106.61
36.62	3107.28
36.63	3107.94
36.64	3108.6
36.65	3109.26
36.66	3109.93
36.67	3110.59
36.68	3111.25
36.69	3111.92
36.7	3112.58
36.71	3113.24
36.72	3113.91
36.73	3114.57
36.74	3115.24
36.75	3115.9
36.76	3116.56
36.77	3117.23
36.78	3117.89
36.79	3118.56
36.8	3119.22
36.81	3119.89
36.82	3120.56
36.83	3121.22
36.84	3121.89
36.85	3122.55
36.86	3123.22
36.87	3123.89
36.88	3124.55
36.89	3125.22
36.9	3125.89
36.91	3126.56
36.92	3127.22
36.93	3127.89
36.94	3128.56
36.95	3129.23
36.96	3129.9
36.97	3130.56
36.98	3131.23
36.99	3131.9
37	3132.57
37.01	3133.24
37.02	3133.91
37.03	3134.58
37.04	3135.25
37.05	3135.92
37.06	3136.59
37.07	3137.26
37.08	3137.93
37.09	3138.6
37.1	3139.28
37.11	3139.95
37.12	3140.62
37.13	3141.29
37.14	3141.96
37.15	3142.63
37.16	3143.31
37.17	3143.98
37.18	3144.65
37.19	3145.33
37.2	3146
37.21	3146.67
37.22	3147.35
37.23	3148.02
37.24	3148.69
37.25	3149.37
37.26	3150.04
37.27	3150.72
37.28	3151.39
37.29	3152.07
37.3	3152.74
37.31	3153.42
37.32	3154.09
37.33	3154.77
37.34	3155.45
37.35	3156.12
37.36	3156.8
37.37	3157.48
37.38	3158.15
37.39	3158.83
37.4	3159.51
37.41	3160.19
37.42	3160.86
37.43	3161.54
37.44	3162.22
37.45	3162.9
37.46	3163.58
37.47	3164.26
37.48	3164.94
37.49	3165.62
37.5	3166.3
37.51	3166.98
37.52	3167.66
37.53	3168.34
37.54	3169.02
37.55	3169.7
37.56	3170.38
37.57	3171.06
37.58	3171.74
37.59	3172.42
37.6	3173.11
37.61	3173.79
37.62	3174.47
37.63	3175.15
37.64	3175.84
37.65	3176.52
37.66	3177.2
37.67	3177.89
37.68	3178.57
37.69	3179.25
37.7	3179.94
37.71	3180.62
37.72	3181.31
37.73	3181.99
37.74	3182.68
37.75	3183.36
37.76	3184.05
37.77	3184.73
37.78	3185.42
37.79	3186.11
37.8	3186.79
37.81	3187.48
37.82	3188.17
37.83	3188.85
37.84	3189.54
37.85	3190.23
37.86	3190.92
37.87	3191.6
37.88	3192.29
37.89	3192.98
37.9	3193.67
37.91	3194.36
37.92	3195.05
37.93	3195.74
37.94	3196.43
37.95	3197.12
37.96	3197.81
37.97	3198.5
37.98	3199.19
37.99	3199.88
38	3200.57
38.01	3201.26
38.02	3201.95
38.03	3202.65
38.04	3203.34
38.05	3204.03
38.06	3204.72
38.07	3205.42
38.08	3206.11
38.09	3206.8
38.1	3207.5
38.11	3208.19
38.12	3208.88
38.13	3209.58
38.14	3210.27
38.15	3210.97
38.16	3211.66
38.17	3212.36
38.18	3213.05
38.19	3213.75
38.2	3214.44
38.21	3215.14
38.22	3215.84
38.23	3216.53
38.24	3217.23
38.25	3217.93
38.26	3218.63
38.27	3219.32
38.28	3220.02
38.29	3220.72
38.3	3221.42
38.31	3222.12
38.32	3222.81
38.33	3223.51
38.34	3224.21
38.35	3224.91
38.36	3225.61
38.37	3226.31
38.38	3227.01
38.39	3227.71
38.4	3228.41
38.41	3229.11
38.42	3229.82
38.43	3230.52
38.44	3231.22
38.45	3231.92
38.46	3232.62
38.47	3233.33
38.48	3234.03
38.49	3234.73
38.5	3235.43
38.51	3236.14
38.52	3236.84
38.53	3237.54
38.54	3238.25
38.55	3238.95
38.56	3239.66
38.57	3240.36
38.58	3241.07
38.59	3241.77
38.6	3242.48
38.61	3243.18
38.62	3243.89
38.63	3244.6
38.64	3245.3
38.65	3246.01
38.66	3246.72
38.67	3247.42
38.68	3248.13
38.69	3248.84
38.7	3249.55
38.71	3250.25
38.72	3250.96
38.73	3251.67
38.74	3252.38
38.75	3253.09
38.76	3253.8
38.77	3254.51
38.78	3255.22
38.79	3255.93
38.8	3256.64
38.81	3257.35
38.82	3258.06
38.83	3258.77
38.84	3259.48
38.85	3260.19
38.86	3260.91
38.87	3261.62
38.88	3262.33
38.89	3263.04
38.9	3263.76
38.91	3264.47
38.92	3265.18
38.93	3265.9
38.94	3266.61
38.95	3267.32
38.96	3268.04
38.97	3268.75
38.98	3269.47
38.99	3270.18
39	3270.9
39.01	3271.61
39.02	3272.33
39.03	3273.04
39.04	3273.76
39.05	3274.47
39.06	3275.19
39.07	3275.91
39.08	3276.62
39.09	3277.34
39.1	3278.06
39.11	3278.78
39.12	3279.49
39.13	3280.21
39.14	3280.93
39.15	3281.65
39.16	3282.37
39.17	3283.09
39.18	3283.81
39.19	3284.53
39.2	3285.25
39.21	3285.97
39.22	3286.69
39.23	3287.41
39.24	3288.13
39.25	3288.85
39.26	3289.57
39.27	3290.29
39.28	3291.01
39.29	3291.73
39.3	3292.46
39.31	3293.18
39.32	3293.9
39.33	3294.62
39.34	3295.35
39.35	3296.07
39.36	3296.79
39.37	3297.52
39.38	3298.24
39.39	3298.96
39.4	3299.69
39.41	3300.41
39.42	3301.14
39.43	3301.86
39.44	3302.59
39.45	3303.31
39.46	3304.04
39.47	3304.76
39.48	3305.49
39.49	3306.22
39.5	3306.94
39.51	3307.67
39.52	3308.4
39.53	3309.12
39.54	3309.85
39.55	3310.58
39.56	3311.3
39.57	3312.03
39.58	3312.76
39.59	3313.49
39.6	3314.22
39.61	3314.95
39.62	3315.68
39.63	3316.4
39.64	3317.13
39.65	3317.86
39.66	3318.59
39.67	3319.32
39.68	3320.05
39.69	3320.78
39.7	3321.52
39.71	3322.25
39.72	3322.98
39.73	3323.71
39.74	3324.44
39.75	3325.17
39.76	3325.9
39.77	3326.64
39.78	3327.37
39.79	3328.1
39.8	3328.83
39.81	3329.57
39.82	3330.3
39.83	3331.03
39.84	3331.77
39.85	3332.5
39.86	3333.23
39.87	3333.97
39.88	3334.7
39.89	3335.44
39.9	3336.17
39.91	3336.91
39.92	3337.64
39.93	3338.38
39.94	3339.11
39.95	3339.85
39.96	3340.58
39.97	3341.32
39.98	3342.06
39.99	3342.79
40	3343.53
40.01	3344.27
40.02	3345
40.03	3345.74
40.04	3346.48
40.05	3347.22
40.06	3347.95
40.07	3348.69
40.08	3349.43
40.09	3350.17
40.1	3350.91
40.11	3351.64
40.12	3352.38
40.13	3353.12
40.14	3353.86
40.15	3354.6
40.16	3355.34
40.17	3356.08
40.18	3356.82
40.19	3357.56
40.2	3358.3
40.21	3359.04
40.22	3359.78
40.23	3360.52
40.24	3361.26
40.25	3362.01
40.26	3362.75
40.27	3363.49
40.28	3364.23
40.29	3364.97
40.3	3365.71
40.31	3366.46
40.32	3367.2
40.33	3367.94
40.34	3368.68
40.35	3369.43
40.36	3370.17
40.37	3370.91
40.38	3371.66
40.39	3372.4
40.4	3373.14
40.41	3373.89
40.42	3374.63
40.43	3375.38
40.44	3376.12
40.45	3376.86
40.46	3377.61
40.47	3378.35
40.48	3379.1
40.49	3379.84
40.5	3380.59
40.51	3381.33
40.52	3382.08
40.53	3382.83
40.54	3383.57
40.55	3384.32
40.56	3385.06
40.57	3385.81
40.58	3386.56
40.59	3387.3
40.6	3388.05
40.61	3388.8
40.62	3389.54
40.63	3390.29
40.64	3391.04
40.65	3391.79
40.66	3392.53
40.67	3393.28
40.68	3394.03
40.69	3394.78
40.7	3395.53
40.71	3396.27
40.72	3397.02
40.73	3397.77
40.74	3398.52
40.75	3399.27
40.76	3400.02
40.77	3400.77
40.78	3401.52
40.79	3402.27
40.8	3403.02
40.81	3403.76
40.82	3404.51
40.83	3405.26
40.84	3406.01
40.85	3406.76
40.86	3407.52
40.87	3408.27
40.88	3409.02
40.89	3409.77
40.9	3410.52
40.91	3411.27
40.92	3412.02
40.93	3412.77
40.94	3413.52
40.95	3414.27
40.96	3415.02
40.97	3415.78
40.98	3416.53
40.99	3417.28
41	3418.03
41.01	3418.78
41.02	3419.54
41.03	3420.29
41.04	3421.04
41.05	3421.79
41.06	3422.55
41.07	3423.3
41.08	3424.05
41.09	3424.8
41.1	3425.56
41.11	3426.31
41.12	3427.06
41.13	3427.82
41.14	3428.57
41.15	3429.32
41.16	3430.08
41.17	3430.83
41.18	3431.58
41.19	3432.34
41.2	3433.09
41.21	3433.85
41.22	3434.6
41.23	3435.36
41.24	3436.11
41.25	3436.86
41.26	3437.62
41.27	3438.37
41.28	3439.13
41.29	3439.88
41.3	3440.64
41.31	3441.39
41.32	3442.15
41.33	3442.9
41.34	3443.66
41.35	3444.41
41.36	3445.17
41.37	3445.92
41.38	3446.68
41.39	3447.44
41.4	3448.19
41.41	3448.95
41.42	3449.7
41.43	3450.46
41.44	3451.21
41.45	3451.97
41.46	3452.73
41.47	3453.48
41.48	3454.24
41.49	3455
41.5	3455.75
41.51	3456.51
41.52	3457.26
41.53	3458.02
41.54	3458.78
41.55	3459.53
41.56	3460.29
41.57	3461.05
41.58	3461.81
41.59	3462.56
41.6	3463.32
41.61	3464.08
41.62	3464.83
41.63	3465.59
41.64	3466.35
41.65	3467.1
41.66	3467.86
41.67	3468.62
41.68	3469.38
41.69	3470.13
41.7	3470.89
41.71	3471.65
41.72	3472.41
41.73	3473.16
41.74	3473.92
41.75	3474.68
41.76	3475.44
41.77	3476.2
41.78	3476.95
41.79	3477.71
41.8	3478.47
41.81	3479.23
41.82	3479.99
41.83	3480.74
41.84	3481.5
41.85	3482.26
41.86	3483.02
41.87	3483.78
41.88	3484.53
41.89	3485.29
41.9	3486.05
41.91	3486.81
41.92	3487.57
41.93	3488.33
41.94	3489.08
41.95	3489.84
41.96	3490.6
41.97	3491.36
41.98	3492.12
41.99	3492.88
42	3493.63
42.01	3494.39
42.02	3495.15
42.03	3495.91
42.04	3496.67
42.05	3497.43
42.06	3498.19
42.07	3498.94
42.08	3499.7
42.09	3500.46
42.1	3501.22
42.11	3501.98
42.12	3502.74
42.13	3503.5
42.14	3504.25
42.15	3505.01
42.16	3505.77
42.17	3506.53
42.18	3507.29
42.19	3508.05
42.2	3508.81
42.21	3509.57
42.22	3510.32
42.23	3511.08
42.24	3511.84
42.25	3512.6
42.26	3513.36
42.27	3514.12
42.28	3514.88
42.29	3515.63
42.3	3516.39
42.31	3517.15
42.32	3517.91
42.33	3518.67
42.34	3519.43
42.35	3520.19
42.36	3520.94
42.37	3521.7
42.38	3522.46
42.39	3523.22
42.4	3523.98
42.41	3524.74
42.42	3525.5
42.43	3526.25
42.44	3527.01
42.45	3527.77
42.46	3528.53
42.47	3529.29
42.48	3530.05
42.49	3530.8
42.5	3531.56
42.51	3532.32
42.52	3533.08
42.53	3533.84
42.54	3534.59
42.55	3535.35
42.56	3536.11
42.57	3536.87
42.58	3537.63
42.59	3538.38
42.6	3539.14
42.61	3539.9
42.62	3540.66
42.63	3541.42
42.64	3542.17
42.65	3542.93
42.66	3543.69
42.67	3544.45
42.68	3545.2
42.69	3545.96
42.7	3546.72
42.71	3547.48
42.72	3548.23
42.73	3548.99
42.74	3549.75
42.75	3550.5
42.76	3551.26
42.77	3552.02
42.78	3552.78
42.79	3553.53
42.8	3554.29
42.81	3555.05
42.82	3555.8
42.83	3556.56
42.84	3557.32
42.85	3558.07
42.86	3558.83
42.87	3559.59
42.88	3560.34
42.89	3561.1
42.9	3561.86
42.91	3562.61
42.92	3563.37
42.93	3564.12
42.94	3564.88
42.95	3565.64
42.96	3566.39
42.97	3567.15
42.98	3567.9
42.99	3568.66
43	3569.41
43.01	3570.17
43.02	3570.93
43.03	3571.68
43.04	3572.44
43.05	3573.19
43.06	3573.95
43.07	3574.7
43.08	3575.46
43.09	3576.21
43.1	3576.97
43.11	3577.72
43.12	3578.47
43.13	3579.23
43.14	3579.98
43.15	3580.74
43.16	3581.49
43.17	3582.25
43.18	3583
43.19	3583.75
43.2	3584.51
43.21	3585.26
43.22	3586.02
43.23	3586.77
43.24	3587.52
43.25	3588.28
43.26	3589.03
43.27	3589.78
43.28	3590.54
43.29	3591.29
43.3	3592.04
43.31	3592.79
43.32	3593.55
43.33	3594.3
43.34	3595.05
43.35	3595.8
43.36	3596.56
43.37	3597.31
43.38	3598.06
43.39	3598.81
43.4	3599.57
43.41	3600.32
43.42	3601.07
43.43	3601.82
43.44	3602.57
43.45	3603.32
43.46	3604.07
43.47	3604.82
43.48	3605.58
43.49	3606.33
43.5	3607.08
43.51	3607.83
43.52	3608.58
43.53	3609.33
43.54	3610.08
43.55	3610.83
43.56	3611.58
43.57	3612.33
43.58	3613.08
43.59	3613.83
43.6	3614.58
43.61	3615.33
43.62	3616.08
43.63	3616.82
43.64	3617.57
43.65	3618.32
43.66	3619.07
43.67	3619.82
43.68	3620.57
43.69	3621.32
43.7	3622.06
43.71	3622.81
43.72	3623.56
43.73	3624.31
43.74	3625.06
43.75	3625.8
43.76	3626.55
43.77	3627.3
43.78	3628.04
43.79	3628.79
43.8	3629.54
43.81	3630.28
43.82	3631.03
43.83	3631.78
43.84	3632.52
43.85	3633.27
43.86	3634.02
43.87	3634.76
43.88	3635.51
43.89	3636.25
43.9	3637
43.91	3637.74
43.92	3638.49
43.93	3639.23
43.94	3639.98
43.95	3640.72
43.96	3641.47
43.97	3642.21
43.98	3642.95
43.99	3643.7
44	3644.44
44.01	3645.19
44.02	3645.93
44.03	3646.67
44.04	3647.41
44.05	3648.16
44.06	3648.9
44.07	3649.64
44.08	3650.39
44.09	3651.13
44.1	3651.87
44.11	3652.61
44.12	3653.35
44.13	3654.09
44.14	3654.84
44.15	3655.58
44.16	3656.32
44.17	3657.06
44.18	3657.8
44.19	3658.54
44.2	3659.28
44.21	3660.02
44.22	3660.76
44.23	3661.5
44.24	3662.24
44.25	3662.98
44.26	3663.72
44.27	3664.46
44.28	3665.2
44.29	3665.94
44.3	3666.67
44.31	3667.41
44.32	3668.15
44.33	3668.89
44.34	3669.63
44.35	3670.36
44.36	3671.1
44.37	3671.84
44.38	3672.57
44.39	3673.31
44.4	3674.05
44.41	3674.78
44.42	3675.52
44.43	3676.26
44.44	3676.99
44.45	3677.73
44.46	3678.46
44.47	3679.2
44.48	3679.93
44.49	3680.67
44.5	3681.4
44.51	3682.14
44.52	3682.87
44.53	3683.61
44.54	3684.34
44.55	3685.07
44.56	3685.81
44.57	3686.54
44.58	3687.27
44.59	3688.01
44.6	3688.74
44.61	3689.47
44.62	3690.2
44.63	3690.94
44.64	3691.67
44.65	3692.4
44.66	3693.13
44.67	3693.86
44.68	3694.59
44.69	3695.32
44.7	3696.06
44.71	3696.79
44.72	3697.52
44.73	3698.25
44.74	3698.98
44.75	3699.7
44.76	3700.43
44.77	3701.16
44.78	3701.89
44.79	3702.62
44.8	3703.35
44.81	3704.08
44.82	3704.8
44.83	3705.53
44.84	3706.26
44.85	3706.99
44.86	3707.71
44.87	3708.44
44.88	3709.17
44.89	3709.89
44.9	3710.62
44.91	3711.35
44.92	3712.07
44.93	3712.8
44.94	3713.52
44.95	3714.25
44.96	3714.97
44.97	3715.7
44.98	3716.42
44.99	3717.15
45	3717.87
45.01	3718.59
45.02	3719.32
45.03	3720.04
45.04	3720.76
45.05	3721.48
45.06	3722.21
45.07	3722.93
45.08	3723.65
45.09	3724.37
45.1	3725.09
45.11	3725.82
45.12	3726.54
45.13	3727.26
45.14	3727.98
45.15	3728.7
45.16	3729.42
45.17	3730.14
45.18	3730.86
45.19	3731.58
45.2	3732.3
45.21	3733.01
45.22	3733.73
45.23	3734.45
45.24	3735.17
45.25	3735.89
45.26	3736.6
45.27	3737.32
45.28	3738.04
45.29	3738.76
45.3	3739.47
45.31	3740.19
45.32	3740.9
45.33	3741.62
45.34	3742.34
45.35	3743.05
45.36	3743.77
45.37	3744.48
45.38	3745.19
45.39	3745.91
45.4	3746.62
45.41	3747.34
45.42	3748.05
45.43	3748.76
45.44	3749.48
45.45	3750.19
45.46	3750.9
45.47	3751.61
45.48	3752.32
45.49	3753.04
45.5	3753.75
45.51	3754.46
45.52	3755.17
45.53	3755.88
45.54	3756.59
45.55	3757.3
45.56	3758.01
45.57	3758.72
45.58	3759.43
45.59	3760.14
45.6	3760.85
45.61	3761.55
45.62	3762.26
45.63	3762.97
45.64	3763.68
45.65	3764.38
45.66	3765.09
45.67	3765.8
45.68	3766.5
45.69	3767.21
45.7	3767.92
45.71	3768.62
45.72	3769.33
45.73	3770.03
45.74	3770.74
45.75	3771.44
45.76	3772.14
45.77	3772.85
45.78	3773.55
45.79	3774.26
45.8	3774.96
45.81	3775.66
45.82	3776.36
45.83	3777.07
45.84	3777.77
45.85	3778.47
45.86	3779.17
45.87	3779.87
45.88	3780.57
45.89	3781.27
45.9	3781.97
45.91	3782.67
45.92	3783.37
45.93	3784.07
45.94	3784.77
45.95	3785.47
45.96	3786.17
45.97	3786.86
45.98	3787.56
45.99	3788.26
46	3788.96
46.01	3789.65
46.02	3790.35
46.03	3791.05
46.04	3791.74
46.05	3792.44
46.06	3793.13
46.07	3793.83
46.08	3794.52
46.09	3795.22
46.1	3795.91
46.11	3796.6
46.12	3797.3
46.13	3797.99
46.14	3798.68
46.15	3799.38
46.16	3800.07
46.17	3800.76
46.18	3801.45
46.19	3802.14
46.2	3802.83
46.21	3803.53
46.22	3804.22
46.23	3804.91
46.24	3805.6
46.25	3806.28
46.26	3806.97
46.27	3807.66
46.28	3808.35
46.29	3809.04
46.3	3809.73
46.31	3810.41
46.32	3811.1
46.33	3811.79
46.34	3812.48
46.35	3813.16
46.36	3813.85
46.37	3814.53
46.38	3815.22
46.39	3815.9
46.4	3816.59
46.41	3817.27
46.42	3817.96
46.43	3818.64
46.44	3819.32
46.45	3820.01
46.46	3820.69
46.47	3821.37
46.48	3822.05
46.49	3822.74
46.5	3823.42
46.51	3824.1
46.52	3824.78
46.53	3825.46
46.54	3826.14
46.55	3826.82
46.56	3827.5
46.57	3828.18
46.58	3828.86
46.59	3829.54
46.6	3830.21
46.61	3830.89
46.62	3831.57
46.63	3832.25
46.64	3832.92
46.65	3833.6
46.66	3834.27
46.67	3834.95
46.68	3835.63
46.69	3836.3
46.7	3836.98
46.71	3837.65
46.72	3838.32
46.73	3839
46.74	3839.67
46.75	3840.34
46.76	3841.02
46.77	3841.69
46.78	3842.36
46.79	3843.03
46.8	3843.7
46.81	3844.38
46.82	3845.05
46.83	3845.72
46.84	3846.39
46.85	3847.06
46.86	3847.73
46.87	3848.39
46.88	3849.06
46.89	3849.73
46.9	3850.4
46.91	3851.07
46.92	3851.73
46.93	3852.4
46.94	3853.07
46.95	3853.73
46.96	3854.4
46.97	3855.06
46.98	3855.73
46.99	3856.39
47	3857.06
47.01	3857.72
47.02	3858.39
47.03	3859.05
47.04	3859.71
47.05	3860.37
47.06	3861.04
47.07	3861.7
47.08	3862.36
47.09	3863.02
47.1	3863.68
47.11	3864.34
47.12	3865
47.13	3865.66
47.14	3866.32
47.15	3866.98
47.16	3867.64
47.17	3868.3
47.18	3868.96
47.19	3869.61
47.2	3870.27
47.21	3870.93
47.22	3871.58
47.23	3872.24
47.24	3872.9
47.25	3873.55
47.26	3874.21
47.27	3874.86
47.28	3875.51
47.29	3876.17
47.3	3876.82
47.31	3877.47
47.32	3878.13
47.33	3878.78
47.34	3879.43
47.35	3880.08
47.36	3880.73
47.37	3881.39
47.38	3882.04
47.39	3882.69
47.4	3883.34
47.41	3883.99
47.42	3884.63
47.43	3885.28
47.44	3885.93
47.45	3886.58
47.46	3887.23
47.47	3887.87
47.48	3888.52
47.49	3889.17
47.5	3889.81
47.51	3890.46
47.52	3891.1
47.53	3891.75
47.54	3892.39
47.55	3893.04
47.56	3893.68
47.57	3894.32
47.58	3894.97
47.59	3895.61
47.6	3896.25
47.61	3896.89
47.62	3897.53
47.63	3898.18
47.64	3898.82
47.65	3899.46
47.66	3900.1
47.67	3900.74
47.68	3901.38
47.69	3902.01
47.7	3902.65
47.71	3903.29
47.72	3903.93
47.73	3904.56
47.74	3905.2
47.75	3905.84
47.76	3906.47
47.77	3907.11
47.78	3907.74
47.79	3908.38
47.8	3909.01
47.81	3909.65
47.82	3910.28
47.83	3910.91
47.84	3911.55
47.85	3912.18
47.86	3912.81
47.87	3913.44
47.88	3914.07
47.89	3914.71
47.9	3915.34
47.91	3915.97
47.92	3916.6
47.93	3917.22
47.94	3917.85
47.95	3918.48
47.96	3919.11
47.97	3919.74
47.98	3920.36
47.99	3920.99
48	3921.62
48.01	3922.24
48.02	3922.87
48.03	3923.5
48.04	3924.12
48.05	3924.74
48.06	3925.37
48.07	3925.99
48.08	3926.62
48.09	3927.24
48.1	3927.86
48.11	3928.48
48.12	3929.1
48.13	3929.73
48.14	3930.35
48.15	3930.97
48.16	3931.59
48.17	3932.21
48.18	3932.82
48.19	3933.44
48.2	3934.06
48.21	3934.68
48.22	3935.3
48.23	3935.91
48.24	3936.53
48.25	3937.15
48.26	3937.76
48.27	3938.38
48.28	3938.99
48.29	3939.61
48.3	3940.22
48.31	3940.84
48.32	3941.45
48.33	3942.06
48.34	3942.67
48.35	3943.29
48.36	3943.9
48.37	3944.51
48.38	3945.12
48.39	3945.73
48.4	3946.34
48.41	3946.95
48.42	3947.56
48.43	3948.17
48.44	3948.78
48.45	3949.38
48.46	3949.99
48.47	3950.6
48.48	3951.21
48.49	3951.81
48.5	3952.42
48.51	3953.02
48.52	3953.63
48.53	3954.23
48.54	3954.84
48.55	3955.44
48.56	3956.04
48.57	3956.65
48.58	3957.25
48.59	3957.85
48.6	3958.45
48.61	3959.05
48.62	3959.65
48.63	3960.25
48.64	3960.85
48.65	3961.45
48.66	3962.05
48.67	3962.65
48.68	3963.25
48.69	3963.85
48.7	3964.44
48.71	3965.04
48.72	3965.64
48.73	3966.23
48.74	3966.83
48.75	3967.42
48.76	3968.02
48.77	3968.61
48.78	3969.21
48.79	3969.8
48.8	3970.39
48.81	3970.99
48.82	3971.58
48.83	3972.17
48.84	3972.76
48.85	3973.35
48.86	3973.94
48.87	3974.53
48.88	3975.12
48.89	3975.71
48.9	3976.3
48.91	3976.89
48.92	3977.48
48.93	3978.06
48.94	3978.65
48.95	3979.24
48.96	3979.82
48.97	3980.41
48.98	3980.99
48.99	3981.58
49	3982.16
49.01	3982.74
49.02	3983.33
49.03	3983.91
49.04	3984.49
49.05	3985.08
49.06	3985.66
49.07	3986.24
49.08	3986.82
49.09	3987.4
49.1	3987.98
49.11	3988.56
49.12	3989.14
49.13	3989.72
49.14	3990.29
49.15	3990.87
49.16	3991.45
49.17	3992.02
49.18	3992.6
49.19	3993.18
49.2	3993.75
49.21	3994.33
49.22	3994.9
49.23	3995.48
49.24	3996.05
49.25	3996.62
49.26	3997.19
49.27	3997.77
49.28	3998.34
49.29	3998.91
49.3	3999.48
49.31	4000.05
49.32	4000.62
49.33	4001.19
49.34	4001.76
49.35	4002.33
49.36	4002.9
49.37	4003.46
49.38	4004.03
49.39	4004.6
49.4	4005.16
49.41	4005.73
49.42	4006.3
49.43	4006.86
49.44	4007.42
49.45	4007.99
49.46	4008.55
49.47	4009.12
49.48	4009.68
49.49	4010.24
49.5	4010.8
49.51	4011.36
49.52	4011.92
49.53	4012.48
49.54	4013.04
49.55	4013.6
49.56	4014.16
49.57	4014.72
49.58	4015.28
49.59	4015.84
49.6	4016.39
49.61	4016.95
49.62	4017.51
49.63	4018.06
49.64	4018.62
49.65	4019.17
49.66	4019.73
49.67	4020.28
49.68	4020.83
49.69	4021.39
49.7	4021.94
49.71	4022.49
49.72	4023.04
49.73	4023.6
49.74	4024.15
49.75	4024.7
49.76	4025.25
49.77	4025.8
49.78	4026.34
49.79	4026.89
49.8	4027.44
49.81	4027.99
49.82	4028.54
49.83	4029.08
49.84	4029.63
49.85	4030.17
49.86	4030.72
49.87	4031.26
49.88	4031.81
49.89	4032.35
49.9	4032.89
49.91	4033.44
49.92	4033.98
49.93	4034.52
49.94	4035.06
49.95	4035.6
49.96	4036.14
49.97	4036.68
49.98	4037.22
49.99	4037.76
50	4038.3
