E	sigma
0.01	18797
0.02	18183.5
0.03	17599.6
0.04	17043.3
0.05	16512.7
0.06	16006.2
0.07	15522.4
0.08	15059.7
0.09	14617
0.1	14193
0.11	13786.7
0.12	13397.1
0.13	13023.2
0.14	12664.3
0.15	12319.6
0.16	11988.2
0.17	11669.7
0.18	11363.3
0.19	11068.5
0.2	10784.8
0.21	10511.7
0.22	10248.8
0.23	9995.71
0.24	9752.1
0.25	9517.67
0.26	9292.15
0.27	9075.32
0.28	8867.02
0.29	8667.11
0.3	8475.53
0.31	8292.24
0.32	8117.27
0.33	7950.74
0.34	7792.82
0.35	7643.76
0.36	7503.93
0.37	7373.78
0.38	7253.93
0.39	7145.13
0.4	7048.32
0.41	6964.67
0.42	6895.59
0.43	6842.82
0.44	6808.5
0.45	6795.19
0.46	6806.04
0.47	6844.87
0.48	6916.29
0.49	7025.91
0.5	7180.5
0.51	7388.19
0.52	7658.68
0.53	8003.44
0.54	8435.78
0.55	8970.74
0.56	9624.7
0.57	10414.3
0.58	11354.3
0.59	12454.8
0.6	13715.5
0.61	15120.2
0.62	16629.4
0.63	18175.9
0.64	19666
0.65	20989.4
0.66	22039.2
0.67	22735.4
0.68	23042.5
0.69	22974.3
0.7	22584.5
0.71	21948.7
0.72	21146.5
0.73	20249
0.74	19312.9
0.75	18379
0.76	17474.7
0.77	16616.4
0.78	15812.6
0.79	15066.5
0.8	14377.9
0.81	13744.7
0.82	13163.2
0.83	12629.7
0.84	12140.1
0.85	11690.3
0.86	11276.5
0.87	10895.4
0.88	10543.6
0.89	10218.3
0.9	9916.9
0.91	9637.14
0.92	9376.91
0.93	9134.39
0.94	8907.94
0.95	8696.09
0.96	8497.55
0.97	8311.16
0.98	8135.87
0.99	7970.77
1	7815.01
1.01	7667.86
1.02	7528.64
1.03	7396.74
1.04	7271.62
1.05	7152.79
1.06	7039.78
1.07	6932.21
1.08	6829.69
1.09	6731.88
1.1	6638.49
1.11	6549.23
1.12	6463.83
1.13	6382.07
1.14	6303.72
1.15	6228.59
1.16	6156.49
1.17	6087.24
1.18	6020.7
1.19	5956.71
1.2	5895.14
1.21	5835.86
1.22	5778.76
1.23	5723.72
1.24	5670.65
1.25	5619.44
1.26	5570.02
1.27	5522.29
1.28	5476.18
1.29	5431.61
1.3	5388.53
1.31	5346.85
1.32	5306.53
1.33	5267.5
1.34	5229.71
1.35	5193.11
1.36	5157.65
1.37	5123.28
1.38	5089.97
1.39	5057.67
1.4	5026.34
1.41	4995.95
1.42	4966.46
1.43	4937.84
1.44	4910.06
1.45	4883.08
1.46	4856.88
1.47	4831.43
1.48	4806.7
1.49	4782.68
1.5	4759.33
1.51	4736.64
1.52	4714.58
1.53	4693.13
1.54	4672.27
1.55	4651.98
1.56	4632.25
1.57	4613.06
1.58	4594.39
1.59	4576.22
1.6	4558.54
1.61	4541.33
1.62	4524.59
1.63	4508.29
1.64	4492.42
1.65	4476.97
1.66	4461.94
1.67	4447.29
1.68	4433.04
1.69	4419.16
1.7	4405.64
1.71	4392.47
1.72	4379.65
1.73	4367.16
1.74	4355
1.75	4343.15
1.76	4331.61
1.77	4320.37
1.78	4309.42
1.79	4298.75
1.8	4288.36
1.81	4278.24
1.82	4268.38
1.83	4258.77
1.84	4249.41
1.85	4240.3
1.86	4231.42
1.87	4222.76
1.88	4214.34
1.89	4206.13
1.9	4198.13
1.91	4190.34
1.92	4182.75
1.93	4175.36
1.94	4168.17
1.95	4161.16
1.96	4154.33
1.97	4147.68
1.98	4141.21
1.99	4134.9
2	4128.76
2.01	4122.79
2.02	4116.97
2.03	4111.31
2.04	4105.8
2.05	4100.44
2.06	4095.23
2.07	4090.15
2.08	4085.22
2.09	4080.42
2.1	4075.75
2.11	4071.22
2.12	4066.81
2.13	4062.53
2.14	4058.37
2.15	4054.33
2.16	4050.42
2.17	4046.62
2.18	4042.94
2.19	4039.37
2.2	4035.92
2.21	4032.58
2.22	4029.35
2.23	4026.23
2.24	4023.23
2.25	4020.33
2.26	4017.55
2.27	4014.88
2.28	4012.32
2.29	4009.88
2.3	4007.56
2.31	4005.35
2.32	4003.27
2.33	4001.31
2.34	3999.49
2.35	3997.8
2.36	3996.26
2.37	3994.87
2.38	3993.65
2.39	3992.59
2.4	3991.73
2.41	3991.06
2.42	3990.62
2.43	3990.41
2.44	3990.48
2.45	3990.84
2.46	3991.54
2.47	3992.61
2.48	3994.11
2.49	3996.1
2.5	3998.64
2.51	4001.84
2.52	4005.78
2.53	4010.61
2.54	4016.49
2.55	4023.6
2.56	4032.19
2.57	4042.58
2.58	4055.15
2.59	4070.39
2.6	4088.95
2.61	4111.67
2.62	4139.65
2.63	4174.37
2.64	4217.85
2.65	4272.87
2.66	4343.36
2.67	4434.9
2.68	4555.72
2.69	4718.08
2.7	4940.65
2.71	5252.46
2.72	5698.91
2.73	6349.81
2.74	7303.65
2.75	8660.39
2.76	10381.3
2.77	11978
2.78	12522.8
2.79	11691.9
2.8	10207.3
2.81	8792
2.82	7688.99
2.83	6883.12
2.84	6300.24
2.85	5873.88
2.86	5556.13
2.87	5314.41
2.88	5126.87
2.89	4978.67
2.9	4859.61
2.91	4762.52
2.92	4682.29
2.93	4615.2
2.94	4558.5
2.95	4510.12
2.96	4468.48
2.97	4432.37
2.98	4400.82
2.99	4373.08
3	4348.56
3.01	4326.75
3.02	4307.27
3.03	4289.79
3.04	4274.04
3.05	4259.79
3.06	4246.85
3.07	4235.07
3.08	4224.31
3.09	4214.45
3.1	4205.39
3.11	4197.05
3.12	4189.35
3.13	4182.23
3.14	4175.63
3.15	4169.5
3.16	4163.8
3.17	4158.48
3.18	4153.52
3.19	4148.89
3.2	4144.55
3.21	4140.48
3.22	4136.66
3.23	4133.07
3.24	4129.7
3.25	4126.52
3.26	4123.52
3.27	4120.69
3.28	4118.01
3.29	4115.49
3.3	4113.09
3.31	4110.83
3.32	4108.68
3.33	4106.64
3.34	4104.71
3.35	4102.87
3.36	4101.12
3.37	4099.45
3.38	4097.87
3.39	4096.36
3.4	4094.91
3.41	4093.54
3.42	4092.23
3.43	4090.97
3.44	4089.77
3.45	4088.62
3.46	4087.52
3.47	4086.47
3.48	4085.46
3.49	4084.49
3.5	4083.56
3.51	4082.66
3.52	4081.8
3.53	4080.98
3.54	4080.18
3.55	4079.41
3.56	4078.67
3.57	4077.96
3.58	4077.27
3.59	4076.6
3.6	4075.95
3.61	4075.33
3.62	4074.72
3.63	4074.14
3.64	4073.57
3.65	4073.01
3.66	4072.47
3.67	4071.95
3.68	4071.43
3.69	4070.94
3.7	4070.45
3.71	4069.97
3.72	4069.51
3.73	4069.05
3.74	4068.6
3.75	4068.16
3.76	4067.73
3.77	4067.3
3.78	4066.89
3.79	4066.47
3.8	4066.07
3.81	4065.66
3.82	4065.27
3.83	4064.87
3.84	4064.48
3.85	4064.1
3.86	4063.71
3.87	4063.33
3.88	4062.95
3.89	4062.57
3.9	4062.2
3.91	4061.82
3.92	4061.45
3.93	4061.07
3.94	4060.7
3.95	4060.32
3.96	4059.95
3.97	4059.57
3.98	4059.19
3.99	4058.81
4	4058.43
4.01	4058.05
4.02	4057.67
4.03	4057.28
4.04	4056.9
4.05	4056.51
4.06	4056.11
4.07	4055.72
4.08	4055.32
4.09	4054.91
4.1	4054.51
4.11	4054.1
4.12	4053.68
4.13	4053.27
4.14	4052.84
4.15	4052.42
4.16	4051.99
4.17	4051.55
4.18	4051.11
4.19	4050.67
4.2	4050.22
4.21	4049.76
4.22	4049.3
4.23	4048.84
4.24	4048.37
4.25	4047.89
4.26	4047.41
4.27	4046.92
4.28	4046.43
4.29	4045.93
4.3	4045.42
4.31	4044.91
4.32	4044.4
4.33	4043.87
4.34	4043.34
4.35	4042.81
4.36	4042.26
4.37	4041.71
4.38	4041.16
4.39	4040.6
4.4	4040.03
4.41	4039.45
4.42	4038.87
4.43	4038.28
4.44	4037.68
4.45	4037.08
4.46	4036.47
4.47	4035.85
4.48	4035.22
4.49	4034.59
4.5	4033.95
4.51	4033.3
4.52	4032.65
4.53	4031.98
4.54	4031.31
4.55	4030.64
4.56	4029.95
4.57	4029.26
4.58	4028.56
4.59	4027.85
4.6	4027.13
4.61	4026.41
4.62	4025.68
4.63	4024.94
4.64	4024.19
4.65	4023.43
4.66	4022.67
4.67	4021.9
4.68	4021.12
4.69	4020.33
4.7	4019.53
4.71	4018.73
4.72	4017.92
4.73	4017.09
4.74	4016.27
4.75	4015.43
4.76	4014.58
4.77	4013.73
4.78	4012.87
4.79	4012
4.8	4011.12
4.81	4010.23
4.82	4009.33
4.83	4008.43
4.84	4007.52
4.85	4006.59
4.86	4005.66
4.87	4004.73
4.88	4003.78
4.89	4002.82
4.9	4001.86
4.91	4000.89
4.92	3999.9
4.93	3998.91
4.94	3997.91
4.95	3996.91
4.96	3995.89
4.97	3994.86
4.98	3993.83
4.99	3992.79
5	3991.74
5.01	3990.68
5.02	3989.61
5.03	3988.53
5.04	3987.44
5.05	3986.35
5.06	3985.24
5.07	3984.13
5.08	3983.01
5.09	3981.88
5.1	3980.74
5.11	3979.59
5.12	3978.43
5.13	3977.26
5.14	3976.09
5.15	3974.9
5.16	3973.71
5.17	3972.51
5.18	3971.29
5.19	3970.07
5.2	3968.84
5.21	3967.6
5.22	3966.36
5.23	3965.1
5.24	3963.83
5.25	3962.56
5.26	3961.28
5.27	3959.98
5.28	3958.68
5.29	3957.37
5.3	3956.05
5.31	3954.72
5.32	3953.38
5.33	3952.03
5.34	3950.68
5.35	3949.31
5.36	3947.94
5.37	3946.55
5.38	3945.16
5.39	3943.76
5.4	3942.35
5.41	3940.93
5.42	3939.5
5.43	3938.06
5.44	3936.61
5.45	3935.15
5.46	3933.69
5.47	3932.21
5.48	3930.73
5.49	3929.24
5.5	3927.73
5.51	3926.22
5.52	3924.7
5.53	3923.17
5.54	3921.63
5.55	3920.08
5.56	3918.53
5.57	3916.96
5.58	3915.38
5.59	3913.8
5.6	3912.21
5.61	3910.6
5.62	3908.99
5.63	3907.37
5.64	3905.74
5.65	3904.1
5.66	3902.45
5.67	3900.79
5.68	3899.13
5.69	3897.45
5.7	3895.77
5.71	3894.07
5.72	3892.37
5.73	3890.66
5.74	3888.94
5.75	3887.21
5.76	3885.47
5.77	3883.72
5.78	3881.96
5.79	3880.19
5.8	3878.42
5.81	3876.63
5.82	3874.84
5.83	3873.04
5.84	3871.23
5.85	3869.41
5.86	3867.58
5.87	3865.74
5.88	3863.89
5.89	3862.03
5.9	3860.17
5.91	3858.29
5.92	3856.41
5.93	3854.52
5.94	3852.62
5.95	3850.71
5.96	3848.79
5.97	3846.86
5.98	3844.93
5.99	3842.98
6	3841.03
6.01	3839.06
6.02	3837.09
6.03	3835.11
6.04	3833.12
6.05	3831.12
6.06	3829.12
6.07	3827.1
6.08	3825.08
6.09	3823.05
6.1	3821
6.11	3818.95
6.12	3816.89
6.13	3814.83
6.14	3812.75
6.15	3810.67
6.16	3808.57
6.17	3806.47
6.18	3804.36
6.19	3802.24
6.2	3800.12
6.21	3797.98
6.22	3795.84
6.23	3793.68
6.24	3791.52
6.25	3789.35
6.26	3787.18
6.27	3784.99
6.28	3782.79
6.29	3780.59
6.3	3778.38
6.31	3776.16
6.32	3773.93
6.33	3771.7
6.34	3769.45
6.35	3767.2
6.36	3764.94
6.37	3762.67
6.38	3760.4
6.39	3758.11
6.4	3755.82
6.41	3753.52
6.42	3751.21
6.43	3748.89
6.44	3746.57
6.45	3744.23
6.46	3741.89
6.47	3739.54
6.48	3737.19
6.49	3734.82
6.5	3732.45
6.51	3730.07
6.52	3727.68
6.53	3725.29
6.54	3722.88
6.55	3720.47
6.56	3718.06
6.57	3715.63
6.58	3713.2
6.59	3710.75
6.6	3708.31
6.61	3705.85
6.62	3703.39
6.63	3700.91
6.64	3698.44
6.65	3695.95
6.66	3693.46
6.67	3690.96
6.68	3688.45
6.69	3685.93
6.7	3683.41
6.71	3680.88
6.72	3678.34
6.73	3675.8
6.74	3673.25
6.75	3670.69
6.76	3668.12
6.77	3665.55
6.78	3662.97
6.79	3660.39
6.8	3657.79
6.81	3655.19
6.82	3652.59
6.83	3649.97
6.84	3647.35
6.85	3644.73
6.86	3642.09
6.87	3639.45
6.88	3636.8
6.89	3634.15
6.9	3631.49
6.91	3628.82
6.92	3626.15
6.93	3623.47
6.94	3620.78
6.95	3618.09
6.96	3615.39
6.97	3612.69
6.98	3609.98
6.99	3607.26
7	3604.53
7.01	3601.8
7.02	3599.07
7.03	3596.33
7.04	3593.58
7.05	3590.82
7.06	3588.06
7.07	3585.3
7.08	3582.52
7.09	3579.75
7.1	3576.96
7.11	3574.17
7.12	3571.38
7.13	3568.57
7.14	3565.77
7.15	3562.96
7.16	3560.14
7.17	3557.31
7.18	3554.48
7.19	3551.65
7.2	3548.81
7.21	3545.96
7.22	3543.11
7.23	3540.26
7.24	3537.4
7.25	3534.53
7.26	3531.66
7.27	3528.78
7.28	3525.9
7.29	3523.01
7.3	3520.12
7.31	3517.22
7.32	3514.32
7.33	3511.41
7.34	3508.5
7.35	3505.58
7.36	3502.66
7.37	3499.73
7.38	3496.8
7.39	3493.87
7.4	3490.93
7.41	3487.98
7.42	3485.03
7.43	3482.08
7.44	3479.12
7.45	3476.16
7.46	3473.19
7.47	3470.22
7.48	3467.24
7.49	3464.26
7.5	3461.28
7.51	3458.29
7.52	3455.3
7.53	3452.3
7.54	3449.3
7.55	3446.3
7.56	3443.29
7.57	3440.28
7.58	3437.26
7.59	3434.24
7.6	3431.22
7.61	3428.19
7.62	3425.16
7.63	3422.12
7.64	3419.09
7.65	3416.04
7.66	3413
7.67	3409.95
7.68	3406.9
7.69	3403.84
7.7	3400.78
7.71	3397.72
7.72	3394.66
7.73	3391.59
7.74	3388.52
7.75	3385.44
7.76	3382.37
7.77	3379.29
7.78	3376.2
7.79	3373.12
7.8	3370.03
7.81	3366.93
7.82	3363.84
7.83	3360.74
7.84	3357.64
7.85	3354.54
7.86	3351.43
7.87	3348.33
7.88	3345.22
7.89	3342.1
7.9	3338.99
7.91	3335.87
7.92	3332.75
7.93	3329.63
7.94	3326.51
7.95	3323.38
7.96	3320.25
7.97	3317.12
7.98	3313.99
7.99	3310.85
8	3307.72
8.01	3304.58
8.02	3301.44
8.03	3298.3
8.04	3295.15
8.05	3292.01
8.06	3288.86
8.07	3285.71
8.08	3282.56
8.09	3279.41
8.1	3276.26
8.11	3273.1
8.12	3269.95
8.13	3266.79
8.14	3263.63
8.15	3260.48
8.16	3257.31
8.17	3254.15
8.18	3250.99
8.19	3247.83
8.2	3244.66
8.21	3241.5
8.22	3238.33
8.23	3235.16
8.24	3232
8.25	3228.83
8.26	3225.66
8.27	3222.49
8.28	3219.32
8.29	3216.15
8.3	3212.98
8.31	3209.81
8.32	3206.63
8.33	3203.46
8.34	3200.29
8.35	3197.12
8.36	3193.95
8.37	3190.77
8.38	3187.6
8.39	3184.43
8.4	3181.25
8.41	3178.08
8.42	3174.91
8.43	3171.74
8.44	3168.57
8.45	3165.39
8.46	3162.22
8.47	3159.05
8.48	3155.88
8.49	3152.71
8.5	3149.54
8.51	3146.37
8.52	3143.21
8.53	3140.04
8.54	3136.87
8.55	3133.71
8.56	3130.54
8.57	3127.38
8.58	3124.22
8.59	3121.06
8.6	3117.9
8.61	3114.74
8.62	3111.58
8.63	3108.42
8.64	3105.27
8.65	3102.11
8.66	3098.96
8.67	3095.81
8.68	3092.66
8.69	3089.51
8.7	3086.37
8.71	3083.22
8.72	3080.08
8.73	3076.94
8.74	3073.8
8.75	3070.66
8.76	3067.53
8.77	3064.4
8.78	3061.27
8.79	3058.14
8.8	3055.01
8.81	3051.89
8.82	3048.77
8.83	3045.65
8.84	3042.53
8.85	3039.42
8.86	3036.3
8.87	3033.19
8.88	3030.09
8.89	3026.99
8.9	3023.88
8.91	3020.79
8.92	3017.69
8.93	3014.6
8.94	3011.51
8.95	3008.43
8.96	3005.34
8.97	3002.27
8.98	2999.19
8.99	2996.12
9	2993.05
9.01	2989.98
9.02	2986.92
9.03	2983.86
9.04	2980.81
9.05	2977.76
9.06	2974.71
9.07	2971.67
9.08	2968.63
9.09	2965.59
9.1	2962.56
9.11	2959.53
9.12	2956.51
9.13	2953.49
9.14	2950.48
9.15	2947.47
9.16	2944.46
9.17	2941.46
9.18	2938.47
9.19	2935.47
9.2	2932.49
9.21	2929.51
9.22	2926.53
9.23	2923.56
9.24	2920.59
9.25	2917.63
9.26	2914.67
9.27	2911.72
9.28	2908.77
9.29	2905.83
9.3	2902.89
9.31	2899.96
9.32	2897.04
9.33	2894.12
9.34	2891.21
9.35	2888.3
9.36	2885.4
9.37	2882.5
9.38	2879.61
9.39	2876.73
9.4	2873.85
9.41	2870.98
9.42	2868.11
9.43	2865.25
9.44	2862.4
9.45	2859.55
9.46	2856.71
9.47	2853.88
9.48	2851.05
9.49	2848.23
9.5	2845.42
9.51	2842.62
9.52	2839.82
9.53	2837.03
9.54	2834.24
9.55	2831.47
9.56	2828.7
9.57	2825.93
9.58	2823.18
9.59	2820.43
9.6	2817.69
9.61	2814.96
9.62	2812.24
9.63	2809.52
9.64	2806.81
9.65	2804.12
9.66	2801.42
9.67	2798.74
9.68	2796.07
9.69	2793.4
9.7	2790.74
9.71	2788.09
9.72	2785.45
9.73	2782.82
9.74	2780.2
9.75	2777.58
9.76	2774.98
9.77	2772.38
9.78	2769.79
9.79	2767.22
9.8	2764.65
9.81	2762.09
9.82	2759.54
9.83	2757
9.84	2754.47
9.85	2751.95
9.86	2749.44
9.87	2746.94
9.88	2744.45
9.89	2741.97
9.9	2739.5
9.91	2737.05
9.92	2734.6
9.93	2732.16
9.94	2729.73
9.95	2727.32
9.96	2724.91
9.97	2722.52
9.98	2720.13
9.99	2717.76
10	2715.4
10.01	2713.05
10.02	2710.71
10.03	2708.39
10.04	2706.07
10.05	2703.77
10.06	2701.48
10.07	2699.2
10.08	2696.93
10.09	2694.68
10.1	2692.44
10.11	2690.21
10.12	2687.99
10.13	2685.79
10.14	2683.59
10.15	2681.41
10.16	2679.25
10.17	2677.09
10.18	2674.95
10.19	2672.83
10.2	2670.71
10.21	2668.61
10.22	2666.53
10.23	2664.46
10.24	2662.4
10.25	2660.35
10.26	2658.32
10.27	2656.31
10.28	2654.3
10.29	2652.31
10.3	2650.34
10.31	2648.38
10.32	2646.44
10.33	2644.51
10.34	2642.6
10.35	2640.7
10.36	2638.81
10.37	2636.94
10.38	2635.09
10.39	2633.25
10.4	2631.43
10.41	2629.62
10.42	2627.83
10.43	2626.06
10.44	2624.3
10.45	2622.56
10.46	2620.83
10.47	2619.13
10.48	2617.43
10.49	2615.76
10.5	2614.1
10.51	2612.46
10.52	2610.83
10.53	2609.23
10.54	2607.64
10.55	2606.06
10.56	2604.51
10.57	2602.97
10.58	2601.45
10.59	2599.95
10.6	2598.47
10.61	2597
10.62	2595.56
10.63	2594.13
10.64	2592.72
10.65	2591.33
10.66	2589.96
10.67	2588.61
10.68	2587.27
10.69	2585.96
10.7	2584.67
10.71	2583.39
10.72	2582.14
10.73	2580.9
10.74	2579.69
10.75	2578.49
10.76	2577.32
10.77	2576.16
10.78	2575.03
10.79	2573.91
10.8	2572.82
10.81	2571.75
10.82	2570.7
10.83	2569.67
10.84	2568.66
10.85	2567.67
10.86	2566.71
10.87	2565.76
10.88	2564.84
10.89	2563.94
10.9	2563.06
10.91	2562.21
10.92	2561.37
10.93	2560.56
10.94	2559.77
10.95	2559.01
10.96	2558.26
10.97	2557.54
10.98	2556.85
10.99	2556.17
11	2555.52
11.01	2554.9
11.02	2554.29
11.03	2553.71
11.04	2553.16
11.05	2552.63
11.06	2552.12
11.07	2551.64
11.08	2551.18
11.09	2550.74
11.1	2550.33
11.11	2549.95
11.12	2549.59
11.13	2549.26
11.14	2548.95
11.15	2548.66
11.16	2548.4
11.17	2548.17
11.18	2547.96
11.19	2547.78
11.2	2547.62
11.21	2547.49
11.22	2547.39
11.23	2547.31
11.24	2547.26
11.25	2547.24
11.26	2547.24
11.27	2547.27
11.28	2547.32
11.29	2547.4
11.3	2547.51
11.31	2547.65
11.32	2547.81
11.33	2548
11.34	2548.22
11.35	2548.47
11.36	2548.74
11.37	2549.04
11.38	2549.37
11.39	2549.73
11.4	2550.11
11.41	2550.52
11.42	2550.97
11.43	2551.43
11.44	2551.93
11.45	2552.46
11.46	2553.01
11.47	2553.6
11.48	2554.21
11.49	2554.85
11.5	2555.52
11.51	2556.22
11.52	2556.95
11.53	2557.71
11.54	2558.49
11.55	2559.31
11.56	2560.15
11.57	2561.03
11.58	2561.93
11.59	2562.86
11.6	2563.83
11.61	2564.82
11.62	2565.84
11.63	2566.89
11.64	2567.97
11.65	2569.08
11.66	2570.23
11.67	2571.4
11.68	2572.6
11.69	2573.83
11.7	2575.09
11.71	2576.38
11.72	2577.7
11.73	2579.05
11.74	2580.43
11.75	2581.84
11.76	2583.28
11.77	2584.75
11.78	2586.25
11.79	2587.78
11.8	2589.34
11.81	2590.93
11.82	2592.55
11.83	2594.2
11.84	2595.88
11.85	2597.59
11.86	2599.33
11.87	2601.1
11.88	2602.9
11.89	2604.73
11.9	2606.58
11.91	2608.47
11.92	2610.39
11.93	2612.34
11.94	2614.31
11.95	2616.32
11.96	2618.36
11.97	2620.42
11.98	2622.52
11.99	2624.64
12	2626.79
12.01	2628.97
12.02	2631.18
12.03	2633.42
12.04	2635.69
12.05	2637.98
12.06	2640.31
12.07	2642.66
12.08	2645.04
12.09	2647.45
12.1	2649.88
12.11	2652.35
12.12	2654.84
12.13	2657.36
12.14	2659.9
12.15	2662.48
12.16	2665.08
12.17	2667.7
12.18	2670.36
12.19	2673.04
12.2	2675.74
12.21	2678.48
12.22	2681.23
12.23	2684.02
12.24	2686.83
12.25	2689.66
12.26	2692.52
12.27	2695.4
12.28	2698.31
12.29	2701.24
12.3	2704.2
12.31	2707.18
12.32	2710.18
12.33	2713.21
12.34	2716.26
12.35	2719.33
12.36	2722.43
12.37	2725.54
12.38	2728.68
12.39	2731.84
12.4	2735.03
12.41	2738.23
12.42	2741.45
12.43	2744.7
12.44	2747.96
12.45	2751.24
12.46	2754.55
12.47	2757.87
12.48	2761.21
12.49	2764.57
12.5	2767.95
12.51	2771.34
12.52	2774.75
12.53	2778.18
12.54	2781.63
12.55	2785.09
12.56	2788.57
12.57	2792.06
12.58	2795.57
12.59	2799.09
12.6	2802.63
12.61	2806.18
12.62	2809.75
12.63	2813.33
12.64	2816.92
12.65	2820.52
12.66	2824.14
12.67	2827.76
12.68	2831.4
12.69	2835.05
12.7	2838.7
12.71	2842.37
12.72	2846.05
12.73	2849.73
12.74	2853.43
12.75	2857.13
12.76	2860.84
12.77	2864.55
12.78	2868.27
12.79	2872
12.8	2875.74
12.81	2879.47
12.82	2883.22
12.83	2886.96
12.84	2890.72
12.85	2894.47
12.86	2898.23
12.87	2901.98
12.88	2905.74
12.89	2909.51
12.9	2913.27
12.91	2917.03
12.92	2920.79
12.93	2924.55
12.94	2928.31
12.95	2932.07
12.96	2935.82
12.97	2939.58
12.98	2943.33
12.99	2947.07
13	2950.81
13.01	2954.55
13.02	2958.28
13.03	2962
13.04	2965.72
13.05	2969.43
13.06	2973.13
13.07	2976.83
13.08	2980.51
13.09	2984.19
13.1	2987.86
13.11	2991.52
13.12	2995.17
13.13	2998.8
13.14	3002.43
13.15	3006.04
13.16	3009.64
13.17	3013.23
13.18	3016.8
13.19	3020.36
13.2	3023.91
13.21	3027.44
13.22	3030.95
13.23	3034.45
13.24	3037.94
13.25	3041.4
13.26	3044.85
13.27	3048.28
13.28	3051.69
13.29	3055.09
13.3	3058.46
13.31	3061.81
13.32	3065.15
13.33	3068.46
13.34	3071.75
13.35	3075.02
13.36	3078.27
13.37	3081.5
13.38	3084.7
13.39	3087.88
13.4	3091.04
13.41	3094.17
13.42	3097.28
13.43	3100.36
13.44	3103.42
13.45	3106.46
13.46	3109.46
13.47	3112.44
13.48	3115.39
13.49	3118.32
13.5	3121.22
13.51	3124.09
13.52	3126.93
13.53	3129.74
13.54	3132.53
13.55	3135.28
13.56	3138.01
13.57	3140.7
13.58	3143.36
13.59	3146
13.6	3148.6
13.61	3151.17
13.62	3153.71
13.63	3156.22
13.64	3158.7
13.65	3161.14
13.66	3163.55
13.67	3165.93
13.68	3168.28
13.69	3170.59
13.7	3172.86
13.71	3175.11
13.72	3177.32
13.73	3179.49
13.74	3181.63
13.75	3183.74
13.76	3185.81
13.77	3187.85
13.78	3189.85
13.79	3191.81
13.8	3193.74
13.81	3195.64
13.82	3197.49
13.83	3199.31
13.84	3201.1
13.85	3202.85
13.86	3204.56
13.87	3206.23
13.88	3207.87
13.89	3209.47
13.9	3211.04
13.91	3212.56
13.92	3214.05
13.93	3215.51
13.94	3216.92
13.95	3218.3
13.96	3219.64
13.97	3220.94
13.98	3222.2
13.99	3223.43
14	3224.62
14.01	3225.77
14.02	3226.89
14.03	3227.96
14.04	3229
14.05	3230
14.06	3230.96
14.07	3231.89
14.08	3232.77
14.09	3233.62
14.1	3234.43
14.11	3235.21
14.12	3235.94
14.13	3236.64
14.14	3237.3
14.15	3237.93
14.16	3238.51
14.17	3239.06
14.18	3239.57
14.19	3240.04
14.2	3240.48
14.21	3240.88
14.22	3241.24
14.23	3241.57
14.24	3241.86
14.25	3242.11
14.26	3242.33
14.27	3242.5
14.28	3242.65
14.29	3242.75
14.3	3242.82
14.31	3242.86
14.32	3242.86
14.33	3242.82
14.34	3242.75
14.35	3242.64
14.36	3242.5
14.37	3242.32
14.38	3242.1
14.39	3241.86
14.4	3241.57
14.41	3241.26
14.42	3240.91
14.43	3240.52
14.44	3240.1
14.45	3239.65
14.46	3239.16
14.47	3238.64
14.48	3238.09
14.49	3237.51
14.5	3236.89
14.51	3236.24
14.52	3235.55
14.53	3234.84
14.54	3234.09
14.55	3233.31
14.56	3232.5
14.57	3231.66
14.58	3230.79
14.59	3229.89
14.6	3228.96
14.61	3227.99
14.62	3227
14.63	3225.97
14.64	3224.92
14.65	3223.84
14.66	3222.73
14.67	3221.59
14.68	3220.42
14.69	3219.22
14.7	3217.99
14.71	3216.74
14.72	3215.46
14.73	3214.15
14.74	3212.81
14.75	3211.45
14.76	3210.06
14.77	3208.64
14.78	3207.2
14.79	3205.73
14.8	3204.24
14.81	3202.72
14.82	3201.18
14.83	3199.61
14.84	3198.01
14.85	3196.39
14.86	3194.75
14.87	3193.08
14.88	3191.39
14.89	3189.68
14.9	3187.94
14.91	3186.18
14.92	3184.4
14.93	3182.59
14.94	3180.76
14.95	3178.91
14.96	3177.04
14.97	3175.15
14.98	3173.24
14.99	3171.3
15	3169.35
15.01	3167.37
15.02	3165.37
15.03	3163.36
15.04	3161.32
15.05	3159.27
15.06	3157.19
15.07	3155.1
15.08	3152.99
15.09	3150.86
15.1	3148.71
15.11	3146.54
15.12	3144.36
15.13	3142.16
15.14	3139.94
15.15	3137.71
15.16	3135.45
15.17	3133.18
15.18	3130.9
15.19	3128.6
15.2	3126.28
15.21	3123.95
15.22	3121.6
15.23	3119.24
15.24	3116.86
15.25	3114.47
15.26	3112.06
15.27	3109.64
15.28	3107.21
15.29	3104.76
15.3	3102.3
15.31	3099.82
15.32	3097.34
15.33	3094.84
15.34	3092.32
15.35	3089.8
15.36	3087.26
15.37	3084.71
15.38	3082.15
15.39	3079.58
15.4	3076.99
15.41	3074.4
15.42	3071.79
15.43	3069.17
15.44	3066.55
15.45	3063.91
15.46	3061.26
15.47	3058.6
15.48	3055.94
15.49	3053.26
15.5	3050.57
15.51	3047.88
15.52	3045.17
15.53	3042.46
15.54	3039.74
15.55	3037.01
15.56	3034.27
15.57	3031.53
15.58	3028.78
15.59	3026.01
15.6	3023.25
15.61	3020.47
15.62	3017.69
15.63	3014.9
15.64	3012.1
15.65	3009.3
15.66	3006.49
15.67	3003.68
15.68	3000.86
15.69	2998.03
15.7	2995.2
15.71	2992.36
15.72	2989.52
15.73	2986.67
15.74	2983.82
15.75	2980.96
15.76	2978.09
15.77	2975.23
15.78	2972.36
15.79	2969.48
15.8	2966.6
15.81	2963.72
15.82	2960.83
15.83	2957.94
15.84	2955.04
15.85	2952.14
15.86	2949.24
15.87	2946.34
15.88	2943.43
15.89	2940.52
15.9	2937.61
15.91	2934.69
15.92	2931.77
15.93	2928.85
15.94	2925.93
15.95	2923.01
15.96	2920.08
15.97	2917.16
15.98	2914.23
15.99	2911.3
16	2908.36
16.01	2905.43
16.02	2902.5
16.03	2899.56
16.04	2896.63
16.05	2893.69
16.06	2890.75
16.07	2887.81
16.08	2884.87
16.09	2881.94
16.1	2879
16.11	2876.06
16.12	2873.12
16.13	2870.18
16.14	2867.24
16.15	2864.3
16.16	2861.37
16.17	2858.43
16.18	2855.49
16.19	2852.56
16.2	2849.62
16.21	2846.69
16.22	2843.75
16.23	2840.82
16.24	2837.89
16.25	2834.96
16.26	2832.03
16.27	2829.11
16.28	2826.18
16.29	2823.26
16.3	2820.34
16.31	2817.42
16.32	2814.5
16.33	2811.59
16.34	2808.67
16.35	2805.76
16.36	2802.85
16.37	2799.95
16.38	2797.04
16.39	2794.14
16.4	2791.24
16.41	2788.34
16.42	2785.45
16.43	2782.56
16.44	2779.67
16.45	2776.79
16.46	2773.9
16.47	2771.02
16.48	2768.15
16.49	2765.28
16.5	2762.41
16.51	2759.54
16.52	2756.68
16.53	2753.82
16.54	2750.96
16.55	2748.11
16.56	2745.26
16.57	2742.42
16.58	2739.58
16.59	2736.74
16.6	2733.91
16.61	2731.08
16.62	2728.25
16.63	2725.43
16.64	2722.61
16.65	2719.8
16.66	2716.99
16.67	2714.19
16.68	2711.39
16.69	2708.59
16.7	2705.8
16.71	2703.01
16.72	2700.23
16.73	2697.45
16.74	2694.68
16.75	2691.91
16.76	2689.15
16.77	2686.39
16.78	2683.64
16.79	2680.89
16.8	2678.14
16.81	2675.4
16.82	2672.67
16.83	2669.94
16.84	2667.22
16.85	2664.5
16.86	2661.78
16.87	2659.07
16.88	2656.37
16.89	2653.67
16.9	2650.98
16.91	2648.29
16.92	2645.61
16.93	2642.93
16.94	2640.26
16.95	2637.59
16.96	2634.93
16.97	2632.28
16.98	2629.63
16.99	2626.99
17	2624.35
17.01	2621.72
17.02	2619.09
17.03	2616.47
17.04	2613.85
17.05	2611.24
17.06	2608.64
17.07	2606.04
17.08	2603.45
17.09	2600.87
17.1	2598.29
17.11	2595.71
17.12	2593.14
17.13	2590.58
17.14	2588.03
17.15	2585.48
17.16	2582.93
17.17	2580.39
17.18	2577.86
17.19	2575.34
17.2	2572.82
17.21	2570.3
17.22	2567.8
17.23	2565.3
17.24	2562.8
17.25	2560.31
17.26	2557.83
17.27	2555.36
17.28	2552.89
17.29	2550.42
17.3	2547.97
17.31	2545.52
17.32	2543.07
17.33	2540.64
17.34	2538.21
17.35	2535.78
17.36	2533.36
17.37	2530.95
17.38	2528.55
17.39	2526.15
17.4	2523.76
17.41	2521.37
17.42	2518.99
17.43	2516.62
17.44	2514.25
17.45	2511.89
17.46	2509.54
17.47	2507.2
17.48	2504.86
17.49	2502.52
17.5	2500.2
17.51	2497.88
17.52	2495.57
17.53	2493.26
17.54	2490.96
17.55	2488.67
17.56	2486.38
17.57	2484.1
17.58	2481.83
17.59	2479.57
17.6	2477.31
17.61	2475.06
17.62	2472.81
17.63	2470.57
17.64	2468.34
17.65	2466.11
17.66	2463.9
17.67	2461.69
17.68	2459.48
17.69	2457.28
17.7	2455.09
17.71	2452.91
17.72	2450.73
17.73	2448.56
17.74	2446.4
17.75	2444.24
17.76	2442.09
17.77	2439.95
17.78	2437.81
17.79	2435.68
17.8	2433.56
17.81	2431.45
17.82	2429.34
17.83	2427.24
17.84	2425.14
17.85	2423.05
17.86	2420.97
17.87	2418.9
17.88	2416.83
17.89	2414.77
17.9	2412.72
17.91	2410.67
17.92	2408.63
17.93	2406.6
17.94	2404.58
17.95	2402.56
17.96	2400.55
17.97	2398.54
17.98	2396.54
17.99	2394.55
18	2392.57
18.01	2390.59
18.02	2388.62
18.03	2386.66
18.04	2384.7
18.05	2382.75
18.06	2380.81
18.07	2378.88
18.08	2376.95
18.09	2375.03
18.1	2373.11
18.11	2371.2
18.12	2369.3
18.13	2367.41
18.14	2365.52
18.15	2363.64
18.16	2361.77
18.17	2359.91
18.18	2358.05
18.19	2356.19
18.2	2354.35
18.21	2352.51
18.22	2350.68
18.23	2348.86
18.24	2347.04
18.25	2345.23
18.26	2343.42
18.27	2341.63
18.28	2339.84
18.29	2338.06
18.3	2336.28
18.31	2334.51
18.32	2332.75
18.33	2330.99
18.34	2329.25
18.35	2327.5
18.36	2325.77
18.37	2324.04
18.38	2322.32
18.39	2320.61
18.4	2318.9
18.41	2317.2
18.42	2315.51
18.43	2313.82
18.44	2312.14
18.45	2310.47
18.46	2308.8
18.47	2307.14
18.48	2305.49
18.49	2303.85
18.5	2302.21
18.51	2300.58
18.52	2298.95
18.53	2297.34
18.54	2295.72
18.55	2294.12
18.56	2292.52
18.57	2290.93
18.58	2289.35
18.59	2287.77
18.6	2286.2
18.61	2284.64
18.62	2283.08
18.63	2281.53
18.64	2279.99
18.65	2278.45
18.66	2276.92
18.67	2275.4
18.68	2273.89
18.69	2272.38
18.7	2270.87
18.71	2269.38
18.72	2267.89
18.73	2266.41
18.74	2264.93
18.75	2263.46
18.76	2262
18.77	2260.55
18.78	2259.1
18.79	2257.66
18.8	2256.22
18.81	2254.79
18.82	2253.37
18.83	2251.95
18.84	2250.55
18.85	2249.14
18.86	2247.75
18.87	2246.36
18.88	2244.98
18.89	2243.6
18.9	2242.23
18.91	2240.87
18.92	2239.52
18.93	2238.17
18.94	2236.83
18.95	2235.49
18.96	2234.16
18.97	2232.84
18.98	2231.52
18.99	2230.21
19	2228.91
19.01	2227.62
19.02	2226.33
19.03	2225.04
19.04	2223.77
19.05	2222.5
19.06	2221.23
19.07	2219.98
19.08	2218.73
19.09	2217.48
19.1	2216.24
19.11	2215.01
19.12	2213.79
19.13	2212.57
19.14	2211.36
19.15	2210.15
19.16	2208.96
19.17	2207.76
19.18	2206.58
19.19	2205.4
19.2	2204.23
19.21	2203.06
19.22	2201.9
19.23	2200.75
19.24	2199.6
19.25	2198.46
19.26	2197.32
19.27	2196.2
19.28	2195.07
19.29	2193.96
19.3	2192.85
19.31	2191.75
19.32	2190.65
19.33	2189.56
19.34	2188.48
19.35	2187.4
19.36	2186.33
19.37	2185.26
19.38	2184.21
19.39	2183.15
19.4	2182.11
19.41	2181.07
19.42	2180.03
19.43	2179.01
19.44	2177.99
19.45	2176.97
19.46	2175.96
19.47	2174.96
19.48	2173.97
19.49	2172.98
19.5	2171.99
19.51	2171.01
19.52	2170.04
19.53	2169.08
19.54	2168.12
19.55	2167.17
19.56	2166.22
19.57	2165.28
19.58	2164.35
19.59	2163.42
19.6	2162.5
19.61	2161.58
19.62	2160.67
19.63	2159.77
19.64	2158.87
19.65	2157.98
19.66	2157.09
19.67	2156.21
19.68	2155.34
19.69	2154.47
19.7	2153.61
19.71	2152.75
19.72	2151.9
19.73	2151.06
19.74	2150.22
19.75	2149.39
19.76	2148.57
19.77	2147.75
19.78	2146.93
19.79	2146.13
19.8	2145.33
19.81	2144.53
19.82	2143.74
19.83	2142.96
19.84	2142.18
19.85	2141.41
19.86	2140.64
19.87	2139.88
19.88	2139.13
19.89	2138.38
19.9	2137.64
19.91	2136.9
19.92	2136.17
19.93	2135.44
19.94	2134.72
19.95	2134.01
19.96	2133.3
19.97	2132.6
19.98	2131.9
19.99	2131.21
20	2130.53
20.01	2129.85
20.02	2129.18
20.03	2128.51
20.04	2127.85
20.05	2127.19
20.06	2126.54
20.07	2125.9
20.08	2125.26
20.09	2124.63
20.1	2124
20.11	2123.38
20.12	2122.76
20.13	2122.15
20.14	2121.55
20.15	2120.95
20.16	2120.36
20.17	2119.77
20.18	2119.19
20.19	2118.61
20.2	2118.04
20.21	2117.47
20.22	2116.92
20.23	2116.36
20.24	2115.81
20.25	2115.27
20.26	2114.73
20.27	2114.2
20.28	2113.67
20.29	2113.15
20.3	2112.64
20.31	2112.13
20.32	2111.62
20.33	2111.12
20.34	2110.63
20.35	2110.14
20.36	2109.66
20.37	2109.18
20.38	2108.71
20.39	2108.24
20.4	2107.78
20.41	2107.33
20.42	2106.88
20.43	2106.43
20.44	2105.99
20.45	2105.56
20.46	2105.13
20.47	2104.7
20.48	2104.29
20.49	2103.87
20.5	2103.47
20.51	2103.06
20.52	2102.67
20.53	2102.27
20.54	2101.89
20.55	2101.51
20.56	2101.13
20.57	2100.76
20.58	2100.39
20.59	2100.03
20.6	2099.68
20.61	2099.33
20.62	2098.98
20.63	2098.65
20.64	2098.31
20.65	2097.98
20.66	2097.66
20.67	2097.34
20.68	2097.02
20.69	2096.72
20.7	2096.41
20.71	2096.11
20.72	2095.82
20.73	2095.53
20.74	2095.25
20.75	2094.97
20.76	2094.7
20.77	2094.43
20.78	2094.17
20.79	2093.91
20.8	2093.65
20.81	2093.41
20.82	2093.16
20.83	2092.92
20.84	2092.69
20.85	2092.46
20.86	2092.24
20.87	2092.02
20.88	2091.81
20.89	2091.6
20.9	2091.4
20.91	2091.2
20.92	2091
20.93	2090.81
20.94	2090.63
20.95	2090.45
20.96	2090.28
20.97	2090.11
20.98	2089.94
20.99	2089.78
21	2089.62
21.01	2089.47
21.02	2089.33
21.03	2089.19
21.04	2089.05
21.05	2088.92
21.06	2088.79
21.07	2088.67
21.08	2088.55
21.09	2088.44
21.1	2088.33
21.11	2088.23
21.12	2088.13
21.13	2088.04
21.14	2087.95
21.15	2087.86
21.16	2087.78
21.17	2087.71
21.18	2087.63
21.19	2087.57
21.2	2087.51
21.21	2087.45
21.22	2087.4
21.23	2087.35
21.24	2087.3
21.25	2087.27
21.26	2087.23
21.27	2087.2
21.28	2087.17
21.29	2087.15
21.3	2087.14
21.31	2087.12
21.32	2087.12
21.33	2087.11
21.34	2087.11
21.35	2087.12
21.36	2087.13
21.37	2087.14
21.38	2087.16
21.39	2087.18
21.4	2087.21
21.41	2087.24
21.42	2087.28
21.43	2087.32
21.44	2087.36
21.45	2087.41
21.46	2087.47
21.47	2087.52
21.48	2087.58
21.49	2087.65
21.5	2087.72
21.51	2087.79
21.52	2087.87
21.53	2087.96
21.54	2088.04
21.55	2088.13
21.56	2088.23
21.57	2088.33
21.58	2088.43
21.59	2088.54
21.6	2088.65
21.61	2088.77
21.62	2088.89
21.63	2089.01
21.64	2089.14
21.65	2089.27
21.66	2089.41
21.67	2089.55
21.68	2089.69
21.69	2089.84
21.7	2089.99
21.71	2090.15
21.72	2090.31
21.73	2090.47
21.74	2090.64
21.75	2090.81
21.76	2090.99
21.77	2091.17
21.78	2091.35
21.79	2091.54
21.8	2091.73
21.81	2091.93
21.82	2092.12
21.83	2092.33
21.84	2092.53
21.85	2092.75
21.86	2092.96
21.87	2093.18
21.88	2093.4
21.89	2093.63
21.9	2093.86
21.91	2094.09
21.92	2094.33
21.93	2094.57
21.94	2094.81
21.95	2095.06
21.96	2095.31
21.97	2095.57
21.98	2095.83
21.99	2096.09
22	2096.36
22.01	2096.63
22.02	2096.9
22.03	2097.18
22.04	2097.46
22.05	2097.74
22.06	2098.03
22.07	2098.32
22.08	2098.62
22.09	2098.91
22.1	2099.22
22.11	2099.52
22.12	2099.83
22.13	2100.14
22.14	2100.46
22.15	2100.78
22.16	2101.1
22.17	2101.43
22.18	2101.76
22.19	2102.09
22.2	2102.43
22.21	2102.77
22.22	2103.11
22.23	2103.46
22.24	2103.81
22.25	2104.16
22.26	2104.52
22.27	2104.88
22.28	2105.24
22.29	2105.61
22.3	2105.98
22.31	2106.35
22.32	2106.73
22.33	2107.11
22.34	2107.49
22.35	2107.88
22.36	2108.27
22.37	2108.66
22.38	2109.05
22.39	2109.45
22.4	2109.85
22.41	2110.26
22.42	2110.67
22.43	2111.08
22.44	2111.49
22.45	2111.91
22.46	2112.33
22.47	2112.75
22.48	2113.18
22.49	2113.61
22.5	2114.04
22.51	2114.48
22.52	2114.92
22.53	2115.36
22.54	2115.8
22.55	2116.25
22.56	2116.7
22.57	2117.15
22.58	2117.61
22.59	2118.07
22.6	2118.53
22.61	2118.99
22.62	2119.46
22.63	2119.93
22.64	2120.41
22.65	2120.88
22.66	2121.36
22.67	2121.84
22.68	2122.33
22.69	2122.82
22.7	2123.31
22.71	2123.8
22.72	2124.29
22.73	2124.79
22.74	2125.29
22.75	2125.8
22.76	2126.3
22.77	2126.81
22.78	2127.33
22.79	2127.84
22.8	2128.36
22.81	2128.88
22.82	2129.4
22.83	2129.93
22.84	2130.45
22.85	2130.98
22.86	2131.52
22.87	2132.05
22.88	2132.59
22.89	2133.13
22.9	2133.67
22.91	2134.22
22.92	2134.77
22.93	2135.32
22.94	2135.87
22.95	2136.43
22.96	2136.98
22.97	2137.54
22.98	2138.11
22.99	2138.67
23	2139.24
23.01	2139.81
23.02	2140.38
23.03	2140.96
23.04	2141.53
23.05	2142.11
23.06	2142.69
23.07	2143.28
23.08	2143.87
23.09	2144.45
23.1	2145.04
23.11	2145.64
23.12	2146.23
23.13	2146.83
23.14	2147.43
23.15	2148.03
23.16	2148.64
23.17	2149.24
23.18	2149.85
23.19	2150.46
23.2	2151.08
23.21	2151.69
23.22	2152.31
23.23	2152.93
23.24	2153.55
23.25	2154.17
23.26	2154.8
23.27	2155.43
23.28	2156.06
23.29	2156.69
23.3	2157.32
23.31	2157.96
23.32	2158.6
23.33	2159.24
23.34	2159.88
23.35	2160.52
23.36	2161.17
23.37	2161.82
23.38	2162.47
23.39	2163.12
23.4	2163.77
23.41	2164.43
23.42	2165.09
23.43	2165.75
23.44	2166.41
23.45	2167.07
23.46	2167.74
23.47	2168.4
23.48	2169.07
23.49	2169.74
23.5	2170.42
23.51	2171.09
23.52	2171.77
23.53	2172.44
23.54	2173.12
23.55	2173.8
23.56	2174.49
23.57	2175.17
23.58	2175.86
23.59	2176.55
23.6	2177.24
23.61	2177.93
23.62	2178.62
23.63	2179.32
23.64	2180.01
23.65	2180.71
23.66	2181.41
23.67	2182.11
23.68	2182.82
23.69	2183.52
23.7	2184.23
23.71	2184.93
23.72	2185.64
23.73	2186.36
23.74	2187.07
23.75	2187.78
23.76	2188.5
23.77	2189.21
23.78	2189.93
23.79	2190.65
23.8	2191.37
23.81	2192.1
23.82	2192.82
23.83	2193.55
23.84	2194.28
23.85	2195
23.86	2195.73
23.87	2196.47
23.88	2197.2
23.89	2197.93
23.9	2198.67
23.91	2199.41
23.92	2200.14
23.93	2200.88
23.94	2201.63
23.95	2202.37
23.96	2203.11
23.97	2203.86
23.98	2204.6
23.99	2205.35
24	2206.1
24.01	2206.85
24.02	2207.6
24.03	2208.35
24.04	2209.11
24.05	2209.86
24.06	2210.62
24.07	2211.38
24.08	2212.14
24.09	2212.89
24.1	2213.66
24.11	2214.42
24.12	2215.18
24.13	2215.95
24.14	2216.71
24.15	2217.48
24.16	2218.25
24.17	2219.01
24.18	2219.78
24.19	2220.56
24.2	2221.33
24.21	2222.1
24.22	2222.88
24.23	2223.65
24.24	2224.43
24.25	2225.2
24.26	2225.98
24.27	2226.76
24.28	2227.54
24.29	2228.32
24.3	2229.11
24.31	2229.89
24.32	2230.67
24.33	2231.46
24.34	2232.24
24.35	2233.03
24.36	2233.82
24.37	2234.61
24.38	2235.4
24.39	2236.19
24.4	2236.98
24.41	2237.77
24.42	2238.57
24.43	2239.36
24.44	2240.15
24.45	2240.95
24.46	2241.75
24.47	2242.54
24.48	2243.34
24.49	2244.14
24.5	2244.94
24.51	2245.74
24.52	2246.54
24.53	2247.35
24.54	2248.15
24.55	2248.95
24.56	2249.76
24.57	2250.56
24.58	2251.37
24.59	2252.17
24.6	2252.98
24.61	2253.79
24.62	2254.6
24.63	2255.41
24.64	2256.22
24.65	2257.03
24.66	2257.84
24.67	2258.65
24.68	2259.46
24.69	2260.28
24.7	2261.09
24.71	2261.9
24.72	2262.72
24.73	2263.53
24.74	2264.35
24.75	2265.17
24.76	2265.98
24.77	2266.8
24.78	2267.62
24.79	2268.44
24.8	2269.26
24.81	2270.08
24.82	2270.9
24.83	2271.72
24.84	2272.54
24.85	2273.36
24.86	2274.19
24.87	2275.01
24.88	2275.83
24.89	2276.66
24.9	2277.48
24.91	2278.31
24.92	2279.13
24.93	2279.96
24.94	2280.78
24.95	2281.61
24.96	2282.44
24.97	2283.27
24.98	2284.09
24.99	2284.92
25	2285.75
25.01	2286.58
25.02	2287.41
25.03	2288.24
25.04	2289.07
25.05	2289.9
25.06	2290.73
25.07	2291.56
25.08	2292.39
25.09	2293.22
25.1	2294.06
25.11	2294.89
25.12	2295.72
25.13	2296.55
25.14	2297.39
25.15	2298.22
25.16	2299.05
25.17	2299.89
25.18	2300.72
25.19	2301.56
25.2	2302.39
25.21	2303.23
25.22	2304.06
25.23	2304.9
25.24	2305.73
25.25	2306.57
25.26	2307.41
25.27	2308.24
25.28	2309.08
25.29	2309.91
25.3	2310.75
25.31	2311.59
25.32	2312.43
25.33	2313.26
25.34	2314.1
25.35	2314.94
25.36	2315.78
25.37	2316.61
25.38	2317.45
25.39	2318.29
25.4	2319.13
25.41	2319.97
25.42	2320.81
25.43	2321.64
25.44	2322.48
25.45	2323.32
25.46	2324.16
25.47	2325
25.48	2325.84
25.49	2326.68
25.5	2327.52
25.51	2328.35
25.52	2329.19
25.53	2330.03
25.54	2330.87
25.55	2331.71
25.56	2332.55
25.57	2333.39
25.58	2334.23
25.59	2335.07
25.6	2335.91
25.61	2336.75
25.62	2337.59
25.63	2338.43
25.64	2339.27
25.65	2340.1
25.66	2340.94
25.67	2341.78
25.68	2342.62
25.69	2343.46
25.7	2344.3
25.71	2345.14
25.72	2345.98
25.73	2346.82
25.74	2347.65
25.75	2348.49
25.76	2349.33
25.77	2350.17
25.78	2351.01
25.79	2351.85
25.8	2352.69
25.81	2353.52
25.82	2354.36
25.83	2355.2
25.84	2356.04
25.85	2356.87
25.86	2357.71
25.87	2358.55
25.88	2359.39
25.89	2360.22
25.9	2361.06
25.91	2361.9
25.92	2362.73
25.93	2363.57
25.94	2364.4
25.95	2365.24
25.96	2366.08
25.97	2366.91
25.98	2367.75
25.99	2368.58
26	2369.42
26.01	2370.25
26.02	2371.09
26.03	2371.92
26.04	2372.75
26.05	2373.59
26.06	2374.42
26.07	2375.26
26.08	2376.09
26.09	2376.92
26.1	2377.75
26.11	2378.59
26.12	2379.42
26.13	2380.25
26.14	2381.08
26.15	2381.91
26.16	2382.74
26.17	2383.58
26.18	2384.41
26.19	2385.24
26.2	2386.07
26.21	2386.9
26.22	2387.73
26.23	2388.55
26.24	2389.38
26.25	2390.21
26.26	2391.04
26.27	2391.87
26.28	2392.7
26.29	2393.52
26.3	2394.35
26.31	2395.18
26.32	2396
26.33	2396.83
26.34	2397.65
26.35	2398.48
26.36	2399.3
26.37	2400.13
26.38	2400.95
26.39	2401.78
26.4	2402.6
26.41	2403.42
26.42	2404.25
26.43	2405.07
26.44	2405.89
26.45	2406.71
26.46	2407.53
26.47	2408.35
26.48	2409.17
26.49	2409.99
26.5	2410.81
26.51	2411.63
26.52	2412.45
26.53	2413.27
26.54	2414.09
26.55	2414.91
26.56	2415.72
26.57	2416.54
26.58	2417.36
26.59	2418.17
26.6	2418.99
26.61	2419.8
26.62	2420.62
26.63	2421.43
26.64	2422.25
26.65	2423.06
26.66	2423.87
26.67	2424.69
26.68	2425.5
26.69	2426.31
26.7	2427.12
26.71	2427.93
26.72	2428.74
26.73	2429.55
26.74	2430.36
26.75	2431.17
26.76	2431.98
26.77	2432.79
26.78	2433.6
26.79	2434.4
26.8	2435.21
26.81	2436.02
26.82	2436.82
26.83	2437.63
26.84	2438.43
26.85	2439.24
26.86	2440.04
26.87	2440.84
26.88	2441.65
26.89	2442.45
26.9	2443.25
26.91	2444.05
26.92	2444.85
26.93	2445.65
26.94	2446.45
26.95	2447.25
26.96	2448.05
26.97	2448.85
26.98	2449.65
26.99	2450.44
27	2451.24
27.01	2452.04
27.02	2452.83
27.03	2453.63
27.04	2454.42
27.05	2455.21
27.06	2456.01
27.07	2456.8
27.08	2457.59
27.09	2458.39
27.1	2459.18
27.11	2459.97
27.12	2460.76
27.13	2461.55
27.14	2462.34
27.15	2463.13
27.16	2463.91
27.17	2464.7
27.18	2465.49
27.19	2466.27
27.2	2467.06
27.21	2467.85
27.22	2468.63
27.23	2469.41
27.24	2470.2
27.25	2470.98
27.26	2471.76
27.27	2472.55
27.28	2473.33
27.29	2474.11
27.3	2474.89
27.31	2475.67
27.32	2476.45
27.33	2477.23
27.34	2478
27.35	2478.78
27.36	2479.56
27.37	2480.33
27.38	2481.11
27.39	2481.88
27.4	2482.66
27.41	2483.43
27.42	2484.21
27.43	2484.98
27.44	2485.75
27.45	2486.52
27.46	2487.29
27.47	2488.06
27.48	2488.83
27.49	2489.6
27.5	2490.37
27.51	2491.14
27.52	2491.91
27.53	2492.67
27.54	2493.44
27.55	2494.21
27.56	2494.97
27.57	2495.73
27.58	2496.5
27.59	2497.26
27.6	2498.02
27.61	2498.79
27.62	2499.55
27.63	2500.31
27.64	2501.07
27.65	2501.83
27.66	2502.59
27.67	2503.35
27.68	2504.1
27.69	2504.86
27.7	2505.62
27.71	2506.37
27.72	2507.13
27.73	2507.88
27.74	2508.64
27.75	2509.39
27.76	2510.14
27.77	2510.89
27.78	2511.65
27.79	2512.4
27.8	2513.15
27.81	2513.9
27.82	2514.65
27.83	2515.4
27.84	2516.14
27.85	2516.89
27.86	2517.64
27.87	2518.38
27.88	2519.13
27.89	2519.87
27.9	2520.62
27.91	2521.36
27.92	2522.1
27.93	2522.85
27.94	2523.59
27.95	2524.33
27.96	2525.07
27.97	2525.81
27.98	2526.55
27.99	2527.29
28	2528.02
28.01	2528.76
28.02	2529.5
28.03	2530.23
28.04	2530.97
28.05	2531.7
28.06	2532.44
28.07	2533.17
28.08	2533.9
28.09	2534.64
28.1	2535.37
28.11	2536.1
28.12	2536.83
28.13	2537.56
28.14	2538.29
28.15	2539.02
28.16	2539.74
28.17	2540.47
28.18	2541.2
28.19	2541.92
28.2	2542.65
28.21	2543.37
28.22	2544.1
28.23	2544.82
28.24	2545.54
28.25	2546.27
28.26	2546.99
28.27	2547.71
28.28	2548.43
28.29	2549.15
28.3	2549.87
28.31	2550.59
28.32	2551.3
28.33	2552.02
28.34	2552.74
28.35	2553.45
28.36	2554.17
28.37	2554.88
28.38	2555.6
28.39	2556.31
28.4	2557.02
28.41	2557.73
28.42	2558.45
28.43	2559.16
28.44	2559.87
28.45	2560.58
28.46	2561.29
28.47	2561.99
28.48	2562.7
28.49	2563.41
28.5	2564.12
28.51	2564.82
28.52	2565.53
28.53	2566.23
28.54	2566.93
28.55	2567.64
28.56	2568.34
28.57	2569.04
28.58	2569.74
28.59	2570.45
28.6	2571.15
28.61	2571.85
28.62	2572.54
28.63	2573.24
28.64	2573.94
28.65	2574.64
28.66	2575.33
28.67	2576.03
28.68	2576.73
28.69	2577.42
28.7	2578.11
28.71	2578.81
28.72	2579.5
28.73	2580.19
28.74	2580.88
28.75	2581.58
28.76	2582.27
28.77	2582.96
28.78	2583.64
28.79	2584.33
28.8	2585.02
28.81	2585.71
28.82	2586.4
28.83	2587.08
28.84	2587.77
28.85	2588.45
28.86	2589.14
28.87	2589.82
28.88	2590.5
28.89	2591.19
28.9	2591.87
28.91	2592.55
28.92	2593.23
28.93	2593.91
28.94	2594.59
28.95	2595.27
28.96	2595.95
28.97	2596.62
28.98	2597.3
28.99	2597.98
29	2598.65
29.01	2599.33
29.02	2600
29.03	2600.68
29.04	2601.35
29.05	2602.02
29.06	2602.7
29.07	2603.37
29.08	2604.04
29.09	2604.71
29.1	2605.38
29.11	2606.05
29.12	2606.72
29.13	2607.39
29.14	2608.05
29.15	2608.72
29.16	2609.39
29.17	2610.05
29.18	2610.72
29.19	2611.38
29.2	2612.05
29.21	2612.71
29.22	2613.37
29.23	2614.04
29.24	2614.7
29.25	2615.36
29.26	2616.02
29.27	2616.68
29.28	2617.34
29.29	2618
29.3	2618.66
29.31	2619.32
29.32	2619.97
29.33	2620.63
29.34	2621.29
29.35	2621.94
29.36	2622.6
29.37	2623.25
29.38	2623.91
29.39	2624.56
29.4	2625.21
29.41	2625.86
29.42	2626.52
29.43	2627.17
29.44	2627.82
29.45	2628.47
29.46	2629.12
29.47	2629.77
29.48	2630.41
29.49	2631.06
29.5	2631.71
29.51	2632.36
29.52	2633
29.53	2633.65
29.54	2634.29
29.55	2634.94
29.56	2635.58
29.57	2636.23
29.58	2636.87
29.59	2637.51
29.6	2638.15
29.61	2638.79
29.62	2639.43
29.63	2640.07
29.64	2640.71
29.65	2641.35
29.66	2641.99
29.67	2642.63
29.68	2643.27
29.69	2643.9
29.7	2644.54
29.71	2645.18
29.72	2645.81
29.73	2646.45
29.74	2647.08
29.75	2647.72
29.76	2648.35
29.77	2648.98
29.78	2649.61
29.79	2650.25
29.8	2650.88
29.81	2651.51
29.82	2652.14
29.83	2652.77
29.84	2653.4
29.85	2654.03
29.86	2654.65
29.87	2655.28
29.88	2655.91
29.89	2656.54
29.9	2657.16
29.91	2657.79
29.92	2658.41
29.93	2659.04
29.94	2659.66
29.95	2660.29
29.96	2660.91
29.97	2661.53
29.98	2662.15
29.99	2662.78
30	2663.4
30.01	2664.02
30.02	2664.64
30.03	2665.26
30.04	2665.88
30.05	2666.5
30.06	2667.11
30.07	2667.73
30.08	2668.35
30.09	2668.97
30.1	2669.58
30.11	2670.2
30.12	2670.81
30.13	2671.43
30.14	2672.04
30.15	2672.66
30.16	2673.27
30.17	2673.88
30.18	2674.49
30.19	2675.11
30.2	2675.72
30.21	2676.33
30.22	2676.94
30.23	2677.55
30.24	2678.16
30.25	2678.77
30.26	2679.38
30.27	2679.99
30.28	2680.59
30.29	2681.2
30.3	2681.81
30.31	2682.41
30.32	2683.02
30.33	2683.63
30.34	2684.23
30.35	2684.84
30.36	2685.44
30.37	2686.04
30.38	2686.65
30.39	2687.25
30.4	2687.85
30.41	2688.45
30.42	2689.06
30.43	2689.66
30.44	2690.26
30.45	2690.86
30.46	2691.46
30.47	2692.06
30.48	2692.66
30.49	2693.25
30.5	2693.85
30.51	2694.45
30.52	2695.05
30.53	2695.64
30.54	2696.24
30.55	2696.84
30.56	2697.43
30.57	2698.03
30.58	2698.62
30.59	2699.21
30.6	2699.81
30.61	2700.4
30.62	2700.99
30.63	2701.59
30.64	2702.18
30.65	2702.77
30.66	2703.36
30.67	2703.95
30.68	2704.54
30.69	2705.13
30.7	2705.72
30.71	2706.31
30.72	2706.9
30.73	2707.49
30.74	2708.07
30.75	2708.66
30.76	2709.25
30.77	2709.84
30.78	2710.42
30.79	2711.01
30.8	2711.59
30.81	2712.18
30.82	2712.76
30.83	2713.35
30.84	2713.93
30.85	2714.51
30.86	2715.1
30.87	2715.68
30.88	2716.26
30.89	2716.84
30.9	2717.43
30.91	2718.01
30.92	2718.59
30.93	2719.17
30.94	2719.75
30.95	2720.33
30.96	2720.91
30.97	2721.48
30.98	2722.06
30.99	2722.64
31	2723.22
31.01	2723.79
31.02	2724.37
31.03	2724.95
31.04	2725.52
31.05	2726.1
31.06	2726.67
31.07	2727.25
31.08	2727.82
31.09	2728.4
31.1	2728.97
31.11	2729.55
31.12	2730.12
31.13	2730.69
31.14	2731.26
31.15	2731.84
31.16	2732.41
31.17	2732.98
31.18	2733.55
31.19	2734.12
31.2	2734.69
31.21	2735.26
31.22	2735.83
31.23	2736.4
31.24	2736.97
31.25	2737.53
31.26	2738.1
31.27	2738.67
31.28	2739.24
31.29	2739.8
31.3	2740.37
31.31	2740.94
31.32	2741.5
31.33	2742.07
31.34	2742.63
31.35	2743.2
31.36	2743.76
31.37	2744.33
31.38	2744.89
31.39	2745.45
31.4	2746.02
31.41	2746.58
31.42	2747.14
31.43	2747.7
31.44	2748.27
31.45	2748.83
31.46	2749.39
31.47	2749.95
31.48	2750.51
31.49	2751.07
31.5	2751.63
31.51	2752.19
31.52	2752.75
31.53	2753.31
31.54	2753.86
31.55	2754.42
31.56	2754.98
31.57	2755.54
31.58	2756.09
31.59	2756.65
31.6	2757.21
31.61	2757.76
31.62	2758.32
31.63	2758.87
31.64	2759.43
31.65	2759.98
31.66	2760.54
31.67	2761.09
31.68	2761.65
31.69	2762.2
31.7	2762.75
31.71	2763.31
31.72	2763.86
31.73	2764.41
31.74	2764.96
31.75	2765.51
31.76	2766.06
31.77	2766.62
31.78	2767.17
31.79	2767.72
31.8	2768.27
31.81	2768.82
31.82	2769.37
31.83	2769.91
31.84	2770.46
31.85	2771.01
31.86	2771.56
31.87	2772.11
31.88	2772.65
31.89	2773.2
31.9	2773.75
31.91	2774.3
31.92	2774.84
31.93	2775.39
31.94	2775.93
31.95	2776.48
31.96	2777.02
31.97	2777.57
31.98	2778.11
31.99	2778.66
32	2779.2
32.01	2779.74
32.02	2780.29
32.03	2780.83
32.04	2781.37
32.05	2781.92
32.06	2782.46
32.07	2783
32.08	2783.54
32.09	2784.08
32.1	2784.62
32.11	2785.16
32.12	2785.7
32.13	2786.24
32.14	2786.78
32.15	2787.32
32.16	2787.86
32.17	2788.4
32.18	2788.94
32.19	2789.48
32.2	2790.02
32.21	2790.55
32.22	2791.09
32.23	2791.63
32.24	2792.17
32.25	2792.7
32.26	2793.24
32.27	2793.77
32.28	2794.31
32.29	2794.85
32.3	2795.38
32.31	2795.92
32.32	2796.45
32.33	2796.99
32.34	2797.52
32.35	2798.05
32.36	2798.59
32.37	2799.12
32.38	2799.65
32.39	2800.19
32.4	2800.72
32.41	2801.25
32.42	2801.78
32.43	2802.31
32.44	2802.84
32.45	2803.38
32.46	2803.91
32.47	2804.44
32.48	2804.97
32.49	2805.5
32.5	2806.03
32.51	2806.56
32.52	2807.09
32.53	2807.61
32.54	2808.14
32.55	2808.67
32.56	2809.2
32.57	2809.73
32.58	2810.25
32.59	2810.78
32.6	2811.31
32.61	2811.84
32.62	2812.36
32.63	2812.89
32.64	2813.41
32.65	2813.94
32.66	2814.46
32.67	2814.99
32.68	2815.51
32.69	2816.04
32.7	2816.56
32.71	2817.09
32.72	2817.61
32.73	2818.14
32.74	2818.66
32.75	2819.18
32.76	2819.7
32.77	2820.23
32.78	2820.75
32.79	2821.27
32.8	2821.79
32.81	2822.31
32.82	2822.83
32.83	2823.36
32.84	2823.88
32.85	2824.4
32.86	2824.92
32.87	2825.44
32.88	2825.96
32.89	2826.48
32.9	2826.99
32.91	2827.51
32.92	2828.03
32.93	2828.55
32.94	2829.07
32.95	2829.59
32.96	2830.1
32.97	2830.62
32.98	2831.14
32.99	2831.65
33	2832.17
33.01	2832.69
33.02	2833.2
33.03	2833.72
33.04	2834.23
33.05	2834.75
33.06	2835.27
33.07	2835.78
33.08	2836.29
33.09	2836.81
33.1	2837.32
33.11	2837.84
33.12	2838.35
33.13	2838.86
33.14	2839.38
33.15	2839.89
33.16	2840.4
33.17	2840.91
33.18	2841.43
33.19	2841.94
33.2	2842.45
33.21	2842.96
33.22	2843.47
33.23	2843.98
33.24	2844.49
33.25	2845
33.26	2845.51
33.27	2846.02
33.28	2846.53
33.29	2847.04
33.3	2847.55
33.31	2848.06
33.32	2848.57
33.33	2849.07
33.34	2849.58
33.35	2850.09
33.36	2850.6
33.37	2851.1
33.38	2851.61
33.39	2852.12
33.4	2852.62
33.41	2853.13
33.42	2853.64
33.43	2854.14
33.44	2854.65
33.45	2855.15
33.46	2855.66
33.47	2856.16
33.48	2856.67
33.49	2857.17
33.5	2857.67
33.51	2858.18
33.52	2858.68
33.53	2859.18
33.54	2859.69
33.55	2860.19
33.56	2860.69
33.57	2861.19
33.58	2861.7
33.59	2862.2
33.6	2862.7
33.61	2863.2
33.62	2863.7
33.63	2864.2
33.64	2864.7
33.65	2865.2
33.66	2865.7
33.67	2866.2
33.68	2866.7
33.69	2867.2
33.7	2867.7
33.71	2868.2
33.72	2868.7
33.73	2869.19
33.74	2869.69
33.75	2870.19
33.76	2870.69
33.77	2871.18
33.78	2871.68
33.79	2872.18
33.8	2872.67
33.81	2873.17
33.82	2873.67
33.83	2874.16
33.84	2874.66
33.85	2875.15
33.86	2875.65
33.87	2876.14
33.88	2876.64
33.89	2877.13
33.9	2877.62
33.91	2878.12
33.92	2878.61
33.93	2879.1
33.94	2879.6
33.95	2880.09
33.96	2880.58
33.97	2881.07
33.98	2881.57
33.99	2882.06
34	2882.55
34.01	2883.04
34.02	2883.53
34.03	2884.02
34.04	2884.51
34.05	2885
34.06	2885.49
34.07	2885.98
34.08	2886.47
34.09	2886.96
34.1	2887.45
34.11	2887.94
34.12	2888.43
34.13	2888.91
34.14	2889.4
34.15	2889.89
34.16	2890.38
34.17	2890.86
34.18	2891.35
34.19	2891.84
34.2	2892.32
34.21	2892.81
34.22	2893.3
34.23	2893.78
34.24	2894.27
34.25	2894.75
34.26	2895.24
34.27	2895.72
34.28	2896.21
34.29	2896.69
34.3	2897.17
34.31	2897.66
34.32	2898.14
34.33	2898.62
34.34	2899.11
34.35	2899.59
34.36	2900.07
34.37	2900.55
34.38	2901.03
34.39	2901.52
34.4	2902
34.41	2902.48
34.42	2902.96
34.43	2903.44
34.44	2903.92
34.45	2904.4
34.46	2904.88
34.47	2905.36
34.48	2905.84
34.49	2906.32
34.5	2906.8
34.51	2907.27
34.52	2907.75
34.53	2908.23
34.54	2908.71
34.55	2909.18
34.56	2909.66
34.57	2910.14
34.58	2910.62
34.59	2911.09
34.6	2911.57
34.61	2912.04
34.62	2912.52
34.63	2912.99
34.64	2913.47
34.65	2913.94
34.66	2914.42
34.67	2914.89
34.68	2915.37
34.69	2915.84
34.7	2916.31
34.71	2916.79
34.72	2917.26
34.73	2917.73
34.74	2918.21
34.75	2918.68
34.76	2919.15
34.77	2919.62
34.78	2920.09
34.79	2920.56
34.8	2921.03
34.81	2921.5
34.82	2921.97
34.83	2922.44
34.84	2922.91
34.85	2923.38
34.86	2923.85
34.87	2924.32
34.88	2924.79
34.89	2925.26
34.9	2925.73
34.91	2926.2
34.92	2926.66
34.93	2927.13
34.94	2927.6
34.95	2928.06
34.96	2928.53
34.97	2929
34.98	2929.46
34.99	2929.93
35	2930.39
35.01	2930.86
35.02	2931.32
35.03	2931.79
35.04	2932.25
35.05	2932.72
35.06	2933.18
35.07	2933.64
35.08	2934.11
35.09	2934.57
35.1	2935.03
35.11	2935.5
35.12	2935.96
35.13	2936.42
35.14	2936.88
35.15	2937.34
35.16	2937.8
35.17	2938.27
35.18	2938.73
35.19	2939.19
35.2	2939.65
35.21	2940.11
35.22	2940.57
35.23	2941.02
35.24	2941.48
35.25	2941.94
35.26	2942.4
35.27	2942.86
35.28	2943.32
35.29	2943.77
35.3	2944.23
35.31	2944.69
35.32	2945.15
35.33	2945.6
35.34	2946.06
35.35	2946.51
35.36	2946.97
35.37	2947.42
35.38	2947.88
35.39	2948.33
35.4	2948.79
35.41	2949.24
35.42	2949.7
35.43	2950.15
35.44	2950.6
35.45	2951.06
35.46	2951.51
35.47	2951.96
35.48	2952.41
35.49	2952.87
35.5	2953.32
35.51	2953.77
35.52	2954.22
35.53	2954.67
35.54	2955.12
35.55	2955.57
35.56	2956.02
35.57	2956.47
35.58	2956.92
35.59	2957.37
35.6	2957.82
35.61	2958.27
35.62	2958.72
35.63	2959.16
35.64	2959.61
35.65	2960.06
35.66	2960.51
35.67	2960.95
35.68	2961.4
35.69	2961.85
35.7	2962.29
35.71	2962.74
35.72	2963.18
35.73	2963.63
35.74	2964.07
35.75	2964.52
35.76	2964.96
35.77	2965.41
35.78	2965.85
35.79	2966.29
35.8	2966.74
35.81	2967.18
35.82	2967.62
35.83	2968.06
35.84	2968.51
35.85	2968.95
35.86	2969.39
35.87	2969.83
35.88	2970.27
35.89	2970.71
35.9	2971.15
35.91	2971.59
35.92	2972.03
35.93	2972.47
35.94	2972.91
35.95	2973.35
35.96	2973.79
35.97	2974.22
35.98	2974.66
35.99	2975.1
36	2975.54
36.01	2975.97
36.02	2976.41
36.03	2976.85
36.04	2977.28
36.05	2977.72
36.06	2978.15
36.07	2978.59
36.08	2979.02
36.09	2979.46
36.1	2979.89
36.11	2980.33
36.12	2980.76
36.13	2981.19
36.14	2981.63
36.15	2982.06
36.16	2982.49
36.17	2982.93
36.18	2983.36
36.19	2983.79
36.2	2984.22
36.21	2984.65
36.22	2985.08
36.23	2985.51
36.24	2985.94
36.25	2986.37
36.26	2986.8
36.27	2987.23
36.28	2987.66
36.29	2988.09
36.3	2988.52
36.31	2988.94
36.32	2989.37
36.33	2989.8
36.34	2990.23
36.35	2990.65
36.36	2991.08
36.37	2991.51
36.38	2991.93
36.39	2992.36
36.4	2992.78
36.41	2993.21
36.42	2993.63
36.43	2994.06
36.44	2994.48
36.45	2994.9
36.46	2995.33
36.47	2995.75
36.48	2996.17
36.49	2996.6
36.5	2997.02
36.51	2997.44
36.52	2997.86
36.53	2998.28
36.54	2998.7
36.55	2999.12
36.56	2999.54
36.57	2999.96
36.58	3000.38
36.59	3000.8
36.6	3001.22
36.61	3001.64
36.62	3002.06
36.63	3002.48
36.64	3002.9
36.65	3003.31
36.66	3003.73
36.67	3004.15
36.68	3004.56
36.69	3004.98
36.7	3005.4
36.71	3005.81
36.72	3006.23
36.73	3006.64
36.74	3007.06
36.75	3007.47
36.76	3007.88
36.77	3008.3
36.78	3008.71
36.79	3009.13
36.8	3009.54
36.81	3009.95
36.82	3010.36
36.83	3010.77
36.84	3011.19
36.85	3011.6
36.86	3012.01
36.87	3012.42
36.88	3012.83
36.89	3013.24
36.9	3013.65
36.91	3014.06
36.92	3014.47
36.93	3014.88
36.94	3015.28
36.95	3015.69
36.96	3016.1
36.97	3016.51
36.98	3016.91
36.99	3017.32
37	3017.73
37.01	3018.13
37.02	3018.54
37.03	3018.94
37.04	3019.35
37.05	3019.75
37.06	3020.16
37.07	3020.56
37.08	3020.97
37.09	3021.37
37.1	3021.77
37.11	3022.18
37.12	3022.58
37.13	3022.98
37.14	3023.38
37.15	3023.78
37.16	3024.19
37.17	3024.59
37.18	3024.99
37.19	3025.39
37.2	3025.79
37.21	3026.19
37.22	3026.59
37.23	3026.99
37.24	3027.38
37.25	3027.78
37.26	3028.18
37.27	3028.58
37.28	3028.98
37.29	3029.37
37.3	3029.77
37.31	3030.17
37.32	3030.56
37.33	3030.96
37.34	3031.35
37.35	3031.75
37.36	3032.14
37.37	3032.54
37.38	3032.93
37.39	3033.33
37.4	3033.72
37.41	3034.11
37.42	3034.5
37.43	3034.9
37.44	3035.29
37.45	3035.68
37.46	3036.07
37.47	3036.46
37.48	3036.85
37.49	3037.24
37.5	3037.63
37.51	3038.02
37.52	3038.41
37.53	3038.8
37.54	3039.19
37.55	3039.58
37.56	3039.97
37.57	3040.36
37.58	3040.74
37.59	3041.13
37.6	3041.52
37.61	3041.9
37.62	3042.29
37.63	3042.68
37.64	3043.06
37.65	3043.45
37.66	3043.83
37.67	3044.22
37.68	3044.6
37.69	3044.98
37.7	3045.37
37.71	3045.75
37.72	3046.13
37.73	3046.51
37.74	3046.9
37.75	3047.28
37.76	3047.66
37.77	3048.04
37.78	3048.42
37.79	3048.8
37.8	3049.18
37.81	3049.56
37.82	3049.94
37.83	3050.32
37.84	3050.7
37.85	3051.08
37.86	3051.46
37.87	3051.83
37.88	3052.21
37.89	3052.59
37.9	3052.96
37.91	3053.34
37.92	3053.72
37.93	3054.09
37.94	3054.47
37.95	3054.84
37.96	3055.22
37.97	3055.59
37.98	3055.96
37.99	3056.34
38	3056.71
38.01	3057.08
38.02	3057.46
38.03	3057.83
38.04	3058.2
38.05	3058.57
38.06	3058.94
38.07	3059.31
38.08	3059.69
38.09	3060.06
38.1	3060.42
38.11	3060.79
38.12	3061.16
38.13	3061.53
38.14	3061.9
38.15	3062.27
38.16	3062.64
38.17	3063
38.18	3063.37
38.19	3063.74
38.2	3064.1
38.21	3064.47
38.22	3064.84
38.23	3065.2
38.24	3065.57
38.25	3065.93
38.26	3066.29
38.27	3066.66
38.28	3067.02
38.29	3067.39
38.3	3067.75
38.31	3068.11
38.32	3068.47
38.33	3068.83
38.34	3069.2
38.35	3069.56
38.36	3069.92
38.37	3070.28
38.38	3070.64
38.39	3071
38.4	3071.36
38.41	3071.72
38.42	3072.08
38.43	3072.43
38.44	3072.79
38.45	3073.15
38.46	3073.51
38.47	3073.86
38.48	3074.22
38.49	3074.58
38.5	3074.93
38.51	3075.29
38.52	3075.64
38.53	3076
38.54	3076.35
38.55	3076.71
38.56	3077.06
38.57	3077.41
38.58	3077.77
38.59	3078.12
38.6	3078.47
38.61	3078.82
38.62	3079.17
38.63	3079.53
38.64	3079.88
38.65	3080.23
38.66	3080.58
38.67	3080.93
38.68	3081.28
38.69	3081.63
38.7	3081.97
38.71	3082.32
38.72	3082.67
38.73	3083.02
38.74	3083.37
38.75	3083.71
38.76	3084.06
38.77	3084.41
38.78	3084.75
38.79	3085.1
38.8	3085.44
38.81	3085.79
38.82	3086.13
38.83	3086.48
38.84	3086.82
38.85	3087.16
38.86	3087.51
38.87	3087.85
38.88	3088.19
38.89	3088.53
38.9	3088.87
38.91	3089.22
38.92	3089.56
38.93	3089.9
38.94	3090.24
38.95	3090.58
38.96	3090.92
38.97	3091.26
38.98	3091.59
38.99	3091.93
39	3092.27
39.01	3092.61
39.02	3092.95
39.03	3093.28
39.04	3093.62
39.05	3093.96
39.06	3094.29
39.07	3094.63
39.08	3094.96
39.09	3095.3
39.1	3095.63
39.11	3095.96
39.12	3096.3
39.13	3096.63
39.14	3096.96
39.15	3097.3
39.16	3097.63
39.17	3097.96
39.18	3098.29
39.19	3098.62
39.2	3098.95
39.21	3099.28
39.22	3099.61
39.23	3099.94
39.24	3100.27
39.25	3100.6
39.26	3100.93
39.27	3101.26
39.28	3101.59
39.29	3101.91
39.3	3102.24
39.31	3102.57
39.32	3102.89
39.33	3103.22
39.34	3103.55
39.35	3103.87
39.36	3104.2
39.37	3104.52
39.38	3104.85
39.39	3105.17
39.4	3105.49
39.41	3105.82
39.42	3106.14
39.43	3106.46
39.44	3106.78
39.45	3107.1
39.46	3107.42
39.47	3107.75
39.48	3108.07
39.49	3108.39
39.5	3108.71
39.51	3109.03
39.52	3109.34
39.53	3109.66
39.54	3109.98
39.55	3110.3
39.56	3110.62
39.57	3110.93
39.58	3111.25
39.59	3111.57
39.6	3111.88
39.61	3112.2
39.62	3112.51
39.63	3112.83
39.64	3113.14
39.65	3113.46
39.66	3113.77
39.67	3114.08
39.68	3114.4
39.69	3114.71
39.7	3115.02
39.71	3115.33
39.72	3115.65
39.73	3115.96
39.74	3116.27
39.75	3116.58
39.76	3116.89
39.77	3117.2
39.78	3117.51
39.79	3117.82
39.8	3118.12
39.81	3118.43
39.82	3118.74
39.83	3119.05
39.84	3119.36
39.85	3119.66
39.86	3119.97
39.87	3120.27
39.88	3120.58
39.89	3120.88
39.9	3121.19
39.91	3121.49
39.92	3121.8
39.93	3122.1
39.94	3122.4
39.95	3122.71
39.96	3123.01
39.97	3123.31
39.98	3123.61
39.99	3123.92
40	3124.22
40.01	3124.52
40.02	3124.82
40.03	3125.12
40.04	3125.42
40.05	3125.72
40.06	3126.01
40.07	3126.31
40.08	3126.61
40.09	3126.91
40.1	3127.21
40.11	3127.5
40.12	3127.8
40.13	3128.1
40.14	3128.39
40.15	3128.69
40.16	3128.98
40.17	3129.28
40.18	3129.57
40.19	3129.86
40.2	3130.16
40.21	3130.45
40.22	3130.74
40.23	3131.04
40.24	3131.33
40.25	3131.62
40.26	3131.91
40.27	3132.2
40.28	3132.49
40.29	3132.78
40.3	3133.07
40.31	3133.36
40.32	3133.65
40.33	3133.94
40.34	3134.23
40.35	3134.51
40.36	3134.8
40.37	3135.09
40.38	3135.37
40.39	3135.66
40.4	3135.95
40.41	3136.23
40.42	3136.52
40.43	3136.8
40.44	3137.09
40.45	3137.37
40.46	3137.65
40.47	3137.94
40.48	3138.22
40.49	3138.5
40.5	3138.78
40.51	3139.07
40.52	3139.35
40.53	3139.63
40.54	3139.91
40.55	3140.19
40.56	3140.47
40.57	3140.75
40.58	3141.03
40.59	3141.3
40.6	3141.58
40.61	3141.86
40.62	3142.14
40.63	3142.41
40.64	3142.69
40.65	3142.97
40.66	3143.24
40.67	3143.52
40.68	3143.79
40.69	3144.07
40.7	3144.34
40.71	3144.62
40.72	3144.89
40.73	3145.16
40.74	3145.44
40.75	3145.71
40.76	3145.98
40.77	3146.25
40.78	3146.52
40.79	3146.79
40.8	3147.06
40.81	3147.33
40.82	3147.6
40.83	3147.87
40.84	3148.14
40.85	3148.41
40.86	3148.68
40.87	3148.95
40.88	3149.21
40.89	3149.48
40.9	3149.75
40.91	3150.01
40.92	3150.28
40.93	3150.54
40.94	3150.81
40.95	3151.07
40.96	3151.34
40.97	3151.6
40.98	3151.86
40.99	3152.13
41	3152.39
41.01	3152.65
41.02	3152.91
41.03	3153.18
41.04	3153.44
41.05	3153.7
41.06	3153.96
41.07	3154.22
41.08	3154.48
41.09	3154.74
41.1	3154.99
41.11	3155.25
41.12	3155.51
41.13	3155.77
41.14	3156.03
41.15	3156.28
41.16	3156.54
41.17	3156.79
41.18	3157.05
41.19	3157.31
41.2	3157.56
41.21	3157.81
41.22	3158.07
41.23	3158.32
41.24	3158.58
41.25	3158.83
41.26	3159.08
41.27	3159.33
41.28	3159.58
41.29	3159.84
41.3	3160.09
41.31	3160.34
41.32	3160.59
41.33	3160.84
41.34	3161.09
41.35	3161.34
41.36	3161.58
41.37	3161.83
41.38	3162.08
41.39	3162.33
41.4	3162.57
41.41	3162.82
41.42	3163.07
41.43	3163.31
41.44	3163.56
41.45	3163.8
41.46	3164.05
41.47	3164.29
41.48	3164.54
41.49	3164.78
41.5	3165.02
41.51	3165.26
41.52	3165.51
41.53	3165.75
41.54	3165.99
41.55	3166.23
41.56	3166.47
41.57	3166.71
41.58	3166.95
41.59	3167.19
41.6	3167.43
41.61	3167.67
41.62	3167.91
41.63	3168.14
41.64	3168.38
41.65	3168.62
41.66	3168.86
41.67	3169.09
41.68	3169.33
41.69	3169.56
41.7	3169.8
41.71	3170.03
41.72	3170.27
41.73	3170.5
41.74	3170.74
41.75	3170.97
41.76	3171.2
41.77	3171.43
41.78	3171.67
41.79	3171.9
41.8	3172.13
41.81	3172.36
41.82	3172.59
41.83	3172.82
41.84	3173.05
41.85	3173.28
41.86	3173.51
41.87	3173.73
41.88	3173.96
41.89	3174.19
41.9	3174.42
41.91	3174.64
41.92	3174.87
41.93	3175.1
41.94	3175.32
41.95	3175.55
41.96	3175.77
41.97	3176
41.98	3176.22
41.99	3176.44
42	3176.67
42.01	3176.89
42.02	3177.11
42.03	3177.33
42.04	3177.56
42.05	3177.78
42.06	3178
42.07	3178.22
42.08	3178.44
42.09	3178.66
42.1	3178.88
42.11	3179.1
42.12	3179.31
42.13	3179.53
42.14	3179.75
42.15	3179.97
42.16	3180.18
42.17	3180.4
42.18	3180.62
42.19	3180.83
42.2	3181.05
42.21	3181.26
42.22	3181.48
42.23	3181.69
42.24	3181.9
42.25	3182.12
42.26	3182.33
42.27	3182.54
42.28	3182.75
42.29	3182.97
42.3	3183.18
42.31	3183.39
42.32	3183.6
42.33	3183.81
42.34	3184.02
42.35	3184.23
42.36	3184.44
42.37	3184.64
42.38	3184.85
42.39	3185.06
42.4	3185.27
42.41	3185.47
42.42	3185.68
42.43	3185.89
42.44	3186.09
42.45	3186.3
42.46	3186.5
42.47	3186.71
42.48	3186.91
42.49	3187.12
42.5	3187.32
42.51	3187.52
42.52	3187.72
42.53	3187.93
42.54	3188.13
42.55	3188.33
42.56	3188.53
42.57	3188.73
42.58	3188.93
42.59	3189.13
42.6	3189.33
42.61	3189.53
42.62	3189.73
42.63	3189.92
42.64	3190.12
42.65	3190.32
42.66	3190.52
42.67	3190.71
42.68	3190.91
42.69	3191.1
42.7	3191.3
42.71	3191.49
42.72	3191.69
42.73	3191.88
42.74	3192.08
42.75	3192.27
42.76	3192.46
42.77	3192.66
42.78	3192.85
42.79	3193.04
42.8	3193.23
42.81	3193.42
42.82	3193.61
42.83	3193.8
42.84	3193.99
42.85	3194.18
42.86	3194.37
42.87	3194.56
42.88	3194.75
42.89	3194.93
42.9	3195.12
42.91	3195.31
42.92	3195.49
42.93	3195.68
42.94	3195.87
42.95	3196.05
42.96	3196.24
42.97	3196.42
42.98	3196.6
42.99	3196.79
43	3196.97
43.01	3197.15
43.02	3197.34
43.03	3197.52
43.04	3197.7
43.05	3197.88
43.06	3198.06
43.07	3198.24
43.08	3198.42
43.09	3198.6
43.1	3198.78
43.11	3198.96
43.12	3199.14
43.13	3199.32
43.14	3199.5
43.15	3199.67
43.16	3199.85
43.17	3200.03
43.18	3200.2
43.19	3200.38
43.2	3200.55
43.21	3200.73
43.22	3200.9
43.23	3201.08
43.24	3201.25
43.25	3201.42
43.26	3201.6
43.27	3201.77
43.28	3201.94
43.29	3202.11
43.3	3202.29
43.31	3202.46
43.32	3202.63
43.33	3202.8
43.34	3202.97
43.35	3203.14
43.36	3203.3
43.37	3203.47
43.38	3203.64
43.39	3203.81
43.4	3203.98
43.41	3204.14
43.42	3204.31
43.43	3204.48
43.44	3204.64
43.45	3204.81
43.46	3204.97
43.47	3205.14
43.48	3205.3
43.49	3205.46
43.5	3205.63
43.51	3205.79
43.52	3205.95
43.53	3206.12
43.54	3206.28
43.55	3206.44
43.56	3206.6
43.57	3206.76
43.58	3206.92
43.59	3207.08
43.6	3207.24
43.61	3207.4
43.62	3207.56
43.63	3207.72
43.64	3207.87
43.65	3208.03
43.66	3208.19
43.67	3208.34
43.68	3208.5
43.69	3208.66
43.7	3208.81
43.71	3208.97
43.72	3209.12
43.73	3209.28
43.74	3209.43
43.75	3209.58
43.76	3209.74
43.77	3209.89
43.78	3210.04
43.79	3210.19
43.8	3210.34
43.81	3210.5
43.82	3210.65
43.83	3210.8
43.84	3210.95
43.85	3211.1
43.86	3211.24
43.87	3211.39
43.88	3211.54
43.89	3211.69
43.9	3211.84
43.91	3211.98
43.92	3212.13
43.93	3212.28
43.94	3212.42
43.95	3212.57
43.96	3212.71
43.97	3212.86
43.98	3213
43.99	3213.15
44	3213.29
44.01	3213.43
44.02	3213.58
44.03	3213.72
44.04	3213.86
44.05	3214
44.06	3214.14
44.07	3214.28
44.08	3214.42
44.09	3214.56
44.1	3214.7
44.11	3214.84
44.12	3214.98
44.13	3215.12
44.14	3215.26
44.15	3215.4
44.16	3215.53
44.17	3215.67
44.18	3215.81
44.19	3215.94
44.2	3216.08
44.21	3216.21
44.22	3216.35
44.23	3216.48
44.24	3216.62
44.25	3216.75
44.26	3216.88
44.27	3217.02
44.28	3217.15
44.29	3217.28
44.3	3217.41
44.31	3217.54
44.32	3217.68
44.33	3217.81
44.34	3217.94
44.35	3218.07
44.36	3218.2
44.37	3218.32
44.38	3218.45
44.39	3218.58
44.4	3218.71
44.41	3218.84
44.42	3218.96
44.43	3219.09
44.44	3219.22
44.45	3219.34
44.46	3219.47
44.47	3219.59
44.48	3219.72
44.49	3219.84
44.5	3219.97
44.51	3220.09
44.52	3220.21
44.53	3220.34
44.54	3220.46
44.55	3220.58
44.56	3220.7
44.57	3220.82
44.58	3220.94
44.59	3221.06
44.6	3221.18
44.61	3221.3
44.62	3221.42
44.63	3221.54
44.64	3221.66
44.65	3221.78
44.66	3221.9
44.67	3222.01
44.68	3222.13
44.69	3222.25
44.7	3222.36
44.71	3222.48
44.72	3222.59
44.73	3222.71
44.74	3222.82
44.75	3222.94
44.76	3223.05
44.77	3223.16
44.78	3223.28
44.79	3223.39
44.8	3223.5
44.81	3223.61
44.82	3223.73
44.83	3223.84
44.84	3223.95
44.85	3224.06
44.86	3224.17
44.87	3224.28
44.88	3224.39
44.89	3224.5
44.9	3224.6
44.91	3224.71
44.92	3224.82
44.93	3224.93
44.94	3225.03
44.95	3225.14
44.96	3225.25
44.97	3225.35
44.98	3225.46
44.99	3225.56
45	3225.67
45.01	3225.77
45.02	3225.87
45.03	3225.98
45.04	3226.08
45.05	3226.18
45.06	3226.29
45.07	3226.39
45.08	3226.49
45.09	3226.59
45.1	3226.69
45.11	3226.79
45.12	3226.89
45.13	3226.99
45.14	3227.09
45.15	3227.19
45.16	3227.29
45.17	3227.39
45.18	3227.48
45.19	3227.58
45.2	3227.68
45.21	3227.77
45.22	3227.87
45.23	3227.97
45.24	3228.06
45.25	3228.16
45.26	3228.25
45.27	3228.34
45.28	3228.44
45.29	3228.53
45.3	3228.62
45.31	3228.72
45.32	3228.81
45.33	3228.9
45.34	3228.99
45.35	3229.08
45.36	3229.18
45.37	3229.27
45.38	3229.36
45.39	3229.45
45.4	3229.53
45.41	3229.62
45.42	3229.71
45.43	3229.8
45.44	3229.89
45.45	3229.98
45.46	3230.06
45.47	3230.15
45.48	3230.23
45.49	3230.32
45.5	3230.41
45.51	3230.49
45.52	3230.58
45.53	3230.66
45.54	3230.74
45.55	3230.83
45.56	3230.91
45.57	3230.99
45.58	3231.08
45.59	3231.16
45.6	3231.24
45.61	3231.32
45.62	3231.4
45.63	3231.48
45.64	3231.56
45.65	3231.64
45.66	3231.72
45.67	3231.8
45.68	3231.88
45.69	3231.96
45.7	3232.04
45.71	3232.11
45.72	3232.19
45.73	3232.27
45.74	3232.34
45.75	3232.42
45.76	3232.5
45.77	3232.57
45.78	3232.65
45.79	3232.72
45.8	3232.79
45.81	3232.87
45.82	3232.94
45.83	3233.01
45.84	3233.09
45.85	3233.16
45.86	3233.23
45.87	3233.3
45.88	3233.37
45.89	3233.44
45.9	3233.52
45.91	3233.59
45.92	3233.66
45.93	3233.72
45.94	3233.79
45.95	3233.86
45.96	3233.93
45.97	3234
45.98	3234.07
45.99	3234.13
46	3234.2
46.01	3234.27
46.02	3234.33
46.03	3234.4
46.04	3234.46
46.05	3234.53
46.06	3234.59
46.07	3234.66
46.08	3234.72
46.09	3234.78
46.1	3234.85
46.11	3234.91
46.12	3234.97
46.13	3235.03
46.14	3235.09
46.15	3235.15
46.16	3235.22
46.17	3235.28
46.18	3235.34
46.19	3235.4
46.2	3235.46
46.21	3235.51
46.22	3235.57
46.23	3235.63
46.24	3235.69
46.25	3235.75
46.26	3235.8
46.27	3235.86
46.28	3235.92
46.29	3235.97
46.3	3236.03
46.31	3236.08
46.32	3236.14
46.33	3236.19
46.34	3236.25
46.35	3236.3
46.36	3236.35
46.37	3236.41
46.38	3236.46
46.39	3236.51
46.4	3236.56
46.41	3236.61
46.42	3236.67
46.43	3236.72
46.44	3236.77
46.45	3236.82
46.46	3236.87
46.47	3236.92
46.48	3236.97
46.49	3237.01
46.5	3237.06
46.51	3237.11
46.52	3237.16
46.53	3237.21
46.54	3237.25
46.55	3237.3
46.56	3237.34
46.57	3237.39
46.58	3237.44
46.59	3237.48
46.6	3237.53
46.61	3237.57
46.62	3237.61
46.63	3237.66
46.64	3237.7
46.65	3237.74
46.66	3237.79
46.67	3237.83
46.68	3237.87
46.69	3237.91
46.7	3237.95
46.71	3237.99
46.72	3238.03
46.73	3238.07
46.74	3238.11
46.75	3238.15
46.76	3238.19
46.77	3238.23
46.78	3238.27
46.79	3238.3
46.8	3238.34
46.81	3238.38
46.82	3238.42
46.83	3238.45
46.84	3238.49
46.85	3238.52
46.86	3238.56
46.87	3238.59
46.88	3238.63
46.89	3238.66
46.9	3238.7
46.91	3238.73
46.92	3238.76
46.93	3238.8
46.94	3238.83
46.95	3238.86
46.96	3238.89
46.97	3238.92
46.98	3238.95
46.99	3238.98
47	3239.02
47.01	3239.04
47.02	3239.07
47.03	3239.1
47.04	3239.13
47.05	3239.16
47.06	3239.19
47.07	3239.22
47.08	3239.24
47.09	3239.27
47.1	3239.3
47.11	3239.32
47.12	3239.35
47.13	3239.38
47.14	3239.4
47.15	3239.43
47.16	3239.45
47.17	3239.47
47.18	3239.5
47.19	3239.52
47.2	3239.54
47.21	3239.57
47.22	3239.59
47.23	3239.61
47.24	3239.63
47.25	3239.66
47.26	3239.68
47.27	3239.7
47.28	3239.72
47.29	3239.74
47.3	3239.76
47.31	3239.78
47.32	3239.79
47.33	3239.81
47.34	3239.83
47.35	3239.85
47.36	3239.87
47.37	3239.88
47.38	3239.9
47.39	3239.92
47.4	3239.93
47.41	3239.95
47.42	3239.96
47.43	3239.98
47.44	3239.99
47.45	3240.01
47.46	3240.02
47.47	3240.04
47.48	3240.05
47.49	3240.06
47.5	3240.07
47.51	3240.09
47.52	3240.1
47.53	3240.11
47.54	3240.12
47.55	3240.13
47.56	3240.14
47.57	3240.15
47.58	3240.16
47.59	3240.17
47.6	3240.18
47.61	3240.19
47.62	3240.2
47.63	3240.21
47.64	3240.21
47.65	3240.22
47.66	3240.23
47.67	3240.23
47.68	3240.24
47.69	3240.25
47.7	3240.25
47.71	3240.26
47.72	3240.26
47.73	3240.27
47.74	3240.27
47.75	3240.28
47.76	3240.28
47.77	3240.28
47.78	3240.28
47.79	3240.29
47.8	3240.29
47.81	3240.29
47.82	3240.29
47.83	3240.29
47.84	3240.29
47.85	3240.3
47.86	3240.3
47.87	3240.29
47.88	3240.29
47.89	3240.29
47.9	3240.29
47.91	3240.29
47.92	3240.29
47.93	3240.29
47.94	3240.28
47.95	3240.28
47.96	3240.28
47.97	3240.27
47.98	3240.27
47.99	3240.26
48	3240.26
48.01	3240.26
48.02	3240.25
48.03	3240.24
48.04	3240.24
48.05	3240.23
48.06	3240.22
48.07	3240.22
48.08	3240.21
48.09	3240.2
48.1	3240.19
48.11	3240.19
48.12	3240.18
48.13	3240.17
48.14	3240.16
48.15	3240.15
48.16	3240.14
48.17	3240.13
48.18	3240.12
48.19	3240.11
48.2	3240.09
48.21	3240.08
48.22	3240.07
48.23	3240.06
48.24	3240.04
48.25	3240.03
48.26	3240.02
48.27	3240
48.28	3239.99
48.29	3239.97
48.3	3239.96
48.31	3239.94
48.32	3239.93
48.33	3239.91
48.34	3239.9
48.35	3239.88
48.36	3239.86
48.37	3239.85
48.38	3239.83
48.39	3239.81
48.4	3239.79
48.41	3239.77
48.42	3239.75
48.43	3239.74
48.44	3239.72
48.45	3239.7
48.46	3239.68
48.47	3239.65
48.48	3239.63
48.49	3239.61
48.5	3239.59
48.51	3239.57
48.52	3239.55
48.53	3239.52
48.54	3239.5
48.55	3239.48
48.56	3239.45
48.57	3239.43
48.58	3239.41
48.59	3239.38
48.6	3239.36
48.61	3239.33
48.62	3239.3
48.63	3239.28
48.64	3239.25
48.65	3239.23
48.66	3239.2
48.67	3239.17
48.68	3239.14
48.69	3239.12
48.7	3239.09
48.71	3239.06
48.72	3239.03
48.73	3239
48.74	3238.97
48.75	3238.94
48.76	3238.91
48.77	3238.88
48.78	3238.85
48.79	3238.82
48.8	3238.79
48.81	3238.75
48.82	3238.72
48.83	3238.69
48.84	3238.66
48.85	3238.62
48.86	3238.59
48.87	3238.56
48.88	3238.52
48.89	3238.49
48.9	3238.45
48.91	3238.42
48.92	3238.38
48.93	3238.35
48.94	3238.31
48.95	3238.27
48.96	3238.24
48.97	3238.2
48.98	3238.16
48.99	3238.12
49	3238.08
49.01	3238.05
49.02	3238.01
49.03	3237.97
49.04	3237.93
49.05	3237.89
49.06	3237.85
49.07	3237.81
49.08	3237.77
49.09	3237.73
49.1	3237.68
49.11	3237.64
49.12	3237.6
49.13	3237.56
49.14	3237.52
49.15	3237.47
49.16	3237.43
49.17	3237.39
49.18	3237.34
49.19	3237.3
49.2	3237.25
49.21	3237.21
49.22	3237.16
49.23	3237.12
49.24	3237.07
49.25	3237.02
49.26	3236.98
49.27	3236.93
49.28	3236.88
49.29	3236.84
49.3	3236.79
49.31	3236.74
49.32	3236.69
49.33	3236.64
49.34	3236.59
49.35	3236.54
49.36	3236.49
49.37	3236.44
49.38	3236.39
49.39	3236.34
49.4	3236.29
49.41	3236.24
49.42	3236.19
49.43	3236.14
49.44	3236.08
49.45	3236.03
49.46	3235.98
49.47	3235.92
49.48	3235.87
49.49	3235.82
49.5	3235.76
49.51	3235.71
49.52	3235.65
49.53	3235.6
49.54	3235.54
49.55	3235.49
49.56	3235.43
49.57	3235.37
49.58	3235.32
49.59	3235.26
49.6	3235.2
49.61	3235.14
49.62	3235.08
49.63	3235.03
49.64	3234.97
49.65	3234.91
49.66	3234.85
49.67	3234.79
49.68	3234.73
49.69	3234.67
49.7	3234.61
49.71	3234.55
49.72	3234.49
49.73	3234.42
49.74	3234.36
49.75	3234.3
49.76	3234.24
49.77	3234.17
49.78	3234.11
49.79	3234.05
49.8	3233.98
49.81	3233.92
49.82	3233.85
49.83	3233.79
49.84	3233.72
49.85	3233.66
49.86	3233.59
49.87	3233.53
49.88	3233.46
49.89	3233.39
49.9	3233.33
49.91	3233.26
49.92	3233.19
49.93	3233.12
49.94	3233.06
49.95	3232.99
49.96	3232.92
49.97	3232.85
49.98	3232.78
49.99	3232.71
50	3232.64
